ensg	symbol	Adipose_Tissue	Adrenal_Gland	Bladder	Blood	Blood_Vessel	Brain	Breast	Cervix_Uteri	Colon	Esophagus	Fallopian_Tube	Heart	Kidney	Liver	Lung	Muscle	Nerve	Ovary	Pancreas	Pituitary	Prostate	Salivary_Gland	Skin	Small_Intestine	Spleen	Stomach	Testis	Thyroid	Uterus	Vagina
ENSG00000175206	NPPA	0.0167376958034747	-0.58624245823266	-0.819984318798891	-0.605015681312826	-0.0602767147171469	-0.310138910876478	0.0111516716901625	-0.502166092885912	-0.131302715967429	-0.235141545169102	-0.458676570332689	2.8305335811538	-0.929184668445161	-0.800364616621139	0.40116305861661	-0.368042890884028	0.218995211669019	-0.0726490169305334	-0.988606406433653	0.645633036364422	0.506851400079748	-0.479713978998544	-0.306759687425901	-0.0494337577741652	0.0894924782197814	-0.621130705791969	1.60061982492392	0.148469004909282	0.00548082112582077	0.087477944052981
ENSG00000177606	JUN	0.169762706827876	-0.0486011946036238	0.170536754907446	-1.44775448823319	0.16866294473489	-0.160005082715432	0.164121588255898	0.170536754907446	0.165677712849028	0.155993404585579	0.170536754907446	-0.0144063658786885	0.0429827554085518	-0.125736140728068	0.170536754907446	0.126806532317447	0.170536754907446	0.170536754907446	0.147324238011808	0.0979445019315227	0.167712497819964	0.168115697215095	0.166159420097337	0.166658105383052	-0.0877142568351185	0.170536754907446	-0.166235474992573	0.163286230305262	0.170536754907446	0.16556762082798
ENSG00000065135	GNAI3	0.507964547573876	-0.286825965267088	0.263533317684887	0.455746463150069	0.488635279248421	-0.823663845578768	0.349693031766652	0.503317540418097	0.098805065148657	0.417622278110769	0.298107481382469	-1.23331669956779	-0.638145138967817	-0.816675611088061	0.301772522787939	-1.4174898154562	0.470366782629986	0.223525210348975	-0.9785351857523	-0.254058680377493	-0.0170004748478062	0.0251271756484447	1.07453742577922	-0.0583319668084313	0.188823340858177	-0.398724933509049	-0.0580942704225141	0.0462260656458632	0.512690747578201	0.739824742762404
ENSG00000131791	PRKAB2	-0.102451568668598	-0.235739428516475	0.846152398911344	-2.23895091308791	1.02432723858864	-0.691286333825952	-0.0651759115974355	0.885754944840621	0.690815640873953	0.226723433822694	0.686802717713837	-0.532572206663657	-0.959776016457971	0.267016264754073	0.209771154011097	1.29957778326911	0.852658354348767	0.417169752987368	-0.344142922544134	-0.399196481590857	0.201860316788104	-0.461155003782298	0.403481625381254	0.409600610133149	-0.244184222060418	0.367319384984167	-0.35689401265477	-0.291125065785194	1.14313928010991	0.580555273733563
ENSG00000162728	KCNJ9	-0.840050012854886	-0.86378927324615	-0.913028160842162	-0.91535116567781	-0.734171710363276	4.21706110756249	-0.854005183371222	-0.915092895015725	-0.632479473608028	-0.856607452735755	-0.829467334009465	-0.896619263289135	-0.86811743569658	-0.924051251748781	-0.866190765437011	-0.922025605809246	-0.521187272164486	-0.838928271676361	-0.93161373013521	1.15430396183615	-0.841785375934285	-0.889528621781445	-0.764028053332135	-0.779577359575946	-0.909468488660027	-0.817293243863809	0.11349037927348	-0.851540190973078	-0.878256464191523	-0.81994544730396
ENSG00000116711	PLA2G4A	0.708929437258595	0.84334387229534	2.19743862263542	-0.450095688052097	0.483644539750186	-1.17260720848505	0.371395601789369	1.35770689307074	1.31076789959132	0.321575321464252	1.53544668645887	-0.732916642413117	-0.15219830279844	-1.94679960613039	0.941780241584005	-2.08202572635874	0.44610223520065	0.474030159569965	-0.889211571454021	-0.307001636572806	1.03094924273337	0.776769923823267	0.705023853171793	0.597158864595484	0.11780615537291	0.0302243153603923	-0.175602918944931	0.148766787053366	1.41163157121841	1.5872490383463
ENSG00000116741	RGS2	0.259611849706954	0.710527353320661	0.724211065778799	0.211633396877233	0.642833059520297	-0.399171203395463	0.345854710013775	0.470014072274816	0.556190873312159	0.491731000042462	0.515336026422394	-0.793018098842389	-0.157590891248009	-1.28202951389606	0.719941711431241	-2.6316665134515	0.569023961775831	0.670821774859592	-0.000196766736676328	0.718296175712027	0.703236129481752	-0.195461057055041	-0.210295320300539	0.684222675652245	0.724211065778799	0.410290361444287	-0.15506560140787	-0.219801904943445	0.724211065778799	0.427823134856305
ENSG00000081248	CACNA1S	-0.297264451793912	-0.406018146780207	-0.341830280844003	-0.322902970981006	-0.00122686007066145	-0.123874848561247	-0.340836300871168	-0.409094887811744	-0.320024097884235	-0.336770561712371	-0.395598883543239	-0.355075319432986	-0.213663363957275	-0.401564433019257	-0.12386399074156	5.18345660786143	-0.283523443970254	-0.353365273239573	-0.398471869854448	-0.389748323901643	-0.205344586272015	0.361249561826385	-0.34245468926299	-0.328901761025299	-0.335698095735563	-0.356591526934035	0.00925738059121739	-0.322149439646969	-0.357043609883446	-0.34138471245212
ENSG00000077157	PPP1R12B	0.338732421965192	-1.62830643543957	1.29491846127226	-1.95521018671649	1.41782022950902	-0.800971796592126	0.371470606172401	0.961341661643829	1.03940350686756	0.781897534686187	1.30744216925645	0.982145670861136	-1.30652455642387	-1.98939152899498	0.497577475160365	0.906714398055577	1.05163330012514	0.962608130986283	-2.29682343024811	-0.909332888637807	1.11891663465396	-0.215727266639618	-0.845112915449986	0.263537490579706	0.0814152469691031	0.155530330018063	-0.688321571508099	-0.111785744210725	1.42988639875036	0.378992920430787
ENSG00000138031	ADCY3	1.28771414665269	-1.10627044556429	0.56617584900708	-1.55976450705753	0.830575277736789	-0.518639828624392	1.23515360810999	1.2276100071429	-0.112402297661315	0.318475578078893	1.23922458415385	-0.98634172978847	-1.33072627136546	-2.99600312121246	0.856303249064684	-1.69652861128937	1.36353161352281	1.25320104111546	-1.9441532673106	0.416058726358718	0.481205598391489	-0.374382938449475	0.628756068462618	0.272430111105024	-0.220475324750854	-0.495637751046413	-1.08352818242915	0.746572720013613	1.32606908697986	0.787154005576195
ENSG00000162989	KCNJ3	-0.937119353828999	-0.806286174241149	-0.402562199422121	-1.08159824907307	1.59194989403858	1.79989919162159	-0.946992833240239	-0.0927302592670664	-0.669758888510552	-0.399317136090407	-0.27407427119891	0.859878146180258	0.810806608511113	-0.434308951901003	-0.949283383836799	-0.970834717500766	0.451299023284253	-0.859494648265175	-0.469568156167516	2.71717136921167	0.463397810078246	-1.09178594663583	-1.02003142883865	0.677937433688657	-0.442151069885459	-0.595455848472947	-0.654255858921941	-1.01793759312887	-0.759092984467017	-0.0527362521153801
ENSG00000115592	PRKAG3	-0.275102309210852	-0.350711310989179	-0.228542132087956	-0.309194295018434	0.0955922764391531	-0.230791172168018	-0.274373138625342	-0.286728937374357	-0.306749272931302	-0.280543582722177	-0.311650731762525	-0.112027901379552	-0.35570904650091	-0.305062107122668	-0.251917167818112	4.21551359323081	-0.153733621329758	-0.313238812725041	-0.367171047905018	-0.238664707561332	-0.00668143047731587	0.258866102457983	-0.127542503956371	-0.31199428344251	-0.340805020695304	-0.339225037235349	0.00831180414431954	-0.301478887168245	-0.317604143843671	-0.235953871045698
ENSG00000180914	OXTR	-0.589679209002397	-0.568122174200089	-0.517626468537619	-0.142018480747	0.0503983047114664	1.01869442375433	2.0874351838533	-0.0844860747455187	-0.47220347628376	-0.0804999596875012	0.176452847223416	-0.526244792154578	-0.426536236330412	-0.773309169820212	-0.0245048073134243	-0.697840009779323	-0.0200208770886548	0.603901811917183	-0.773986018958791	-0.224649088151681	0.356376913021567	-0.52560578726674	-0.130881686192428	-0.450959951833491	-0.196947800876168	-0.582565066585475	-0.115706052074212	-0.23953560844756	0.4546838185843	-0.401397239126201
ENSG00000132155	RAF1	0.124266914734712	0.0304769661341999	0.127284322202504	0.0793802967184459	0.127284322202504	-0.501793551489029	0.12558391820696	0.127284322202504	0.11246808304011	0.120933785442865	0.127284322202504	-0.130145520005172	-0.220792057495896	-0.0232141937212772	0.127284322202504	0.127284322202504	0.127284322202504	0.127284322202504	-0.343554362808727	0.106681853302819	0.126825865759619	0.109138650802693	0.127284322202504	0.125701678591861	0.126280979750173	0.117853913830068	0.123081029727102	0.126680847755397	0.127284322202504	0.12708823027676
ENSG00000114353	GNAI2	0.143054833176129	0.118829167116042	0.143054833176129	0.138191667574376	0.143054833176129	0.0120789542067695	0.143054833176129	0.143054833176129	0.0199033608944398	0.126918465485943	0.143054833176129	-0.143091240968588	-0.198614918587101	-0.250144942360551	0.143054833176129	-0.928085317873614	0.143054833176129	0.143054833176129	-1.4086211980392	0.143048832160327	0.140917687081503	-0.0299387658199955	0.10948334401822	0.0745366362629184	0.143054833176129	-0.333018956483058	0.1391221202058	0.141194247605956	0.143054833176129	0.142011695355372
ENSG00000007402	CACNA2D2	-0.622339943420908	-1.4525949241249	-0.62387904956396	-1.04327696972353	-0.160088199399029	1.07707313343763	-0.223037227426001	0.312757287124448	-0.274172506988226	-0.569360679838736	0.0971106800463772	-0.0348265572634985	-0.0295370582869261	-1.62205604816465	2.72298558185939	-0.991509307527728	-0.428589773240948	0.636102836049503	-0.758731233344312	2.10187592168055	0.382689572806479	-0.284151018594515	-0.540248383226984	-0.231758207712602	-0.397976709334213	0.378159925944275	1.91399905892853	0.393308914884507	0.508178754358285	-0.347543988142503
ENSG00000157445	CACNA2D3	-0.545567073967129	-0.968512695237729	-0.834265106889961	-1.32389611823384	-0.253634555643882	1.16069892569641	-0.750196981990674	-0.275252181589007	-0.117514650679997	0.17514393534778	-0.232661226721717	1.10235298442658	-0.307791148924872	-1.82332329963031	0.196628109457798	1.27890497662572	-0.0355478586067559	0.763107877061176	-1.74610189352811	0.64413766715782	0.239606994697354	-0.870700539266441	-0.945540919673213	-0.789396686684834	-0.491126040037241	-0.279356737245875	1.72179231100684	-0.300928174494075	-0.785509936609479	0.555789337452854
ENSG00000065534	MYLK	1.01655875254864	-0.885127989924832	1.7485181715698	-3.21710993381529	1.75522424292398	-0.944870635936318	1.16786823617762	1.54712343278632	1.46065473615828	1.21558339403578	1.77385704334216	-1.57525228867673	-0.352524209862367	-0.617495168706081	1.67604853029124	-2.1552209396079	0.289019160075342	1.35930525894608	-2.30888263102876	-1.63457294249209	1.5590919682251	0.285652959037747	-0.022721836775268	0.848650974949684	0.92082835222757	0.554824478513798	0.463241864065687	0.263700879240168	1.77228525361468	1.03290637595004
ENSG00000004468	CD38	0.61417036003938	0.296516022638856	-0.533457963775276	0.945701661497752	-0.0128047687536579	0.103661653536084	0.0103543161724632	-0.60919603959146	-0.409896969243453	-0.271496831792924	0.25065931220184	0.0677906442243704	-0.923637309330727	-0.446964154752916	1.12520622147553	0.378347431526489	0.601795349342055	-1.21929282695215	-1.45675885352949	0.398346519990575	1.08265018355762	-0.128322844782223	-1.48796867771179	1.28242015825451	2.99250755885668	-0.647518654900884	-0.870007039640427	0.704710156737535	-1.11776034976599	-0.704154032984951
ENSG00000078295	ADCY2	-0.736246275677621	-1.24716279845886	-0.126610062615366	-1.92823952713511	-0.0527993819022576	2.17859655088732	-0.194048875324693	0.650655261923051	0.00105216412473111	-0.351755517690652	0.252669774631569	-1.75263395990019	-1.69014835979815	-1.95982898389263	-1.37894163551596	2.67235268487756	-0.14201586103851	0.500021376408012	-1.7862186514081	1.53563520444687	1.10749591349641	-0.418981963779665	-0.0860934063895955	-0.854965772056972	-1.76151988864611	-0.54812633285045	0.391141935612456	-1.24779131475238	0.882688450012983	0.533037730924397
ENSG00000081189	MEF2C	0.949973281954602	0.36952969119437	0.379265863404449	-0.842646460071961	1.68239385264762	-0.101476540715262	0.710888470946685	0.484128415578646	-0.0504730180568396	-0.472408320065363	0.414273891143605	-0.525488207377174	-1.15529501401538	-2.08903055549613	0.588795478978666	1.77885893908211	0.348050457479143	0.986433169916869	-2.23777369483877	-0.14203270326222	-0.195774885937639	-0.546979114989649	-1.36443218537664	-0.0139958185441743	0.860220734540126	-1.07424111572671	-0.872174586388438	0.872671130277811	1.0594910976356	-0.251645953957028
ENSG00000145949	MYLK4	0.140785647265671	-0.510644585020829	-0.0656237705942956	-1.01854555430418	0.329903116786326	-0.321455134112448	0.342297729763325	0.0407519335987417	-0.409182514768111	-0.11449862399232	-0.0411700289197144	-0.334296104155703	0.151884769008346	-0.791950795650991	0.496901017111911	1.30889669438261	0.378244785194202	-0.292050190418261	-0.615763379023729	0.630003695441173	0.153031003181714	0.711388557813529	0.240478702986944	-0.146694715214725	-0.0981565199696043	-0.519426336623267	-0.0765676646204701	0.349543992676187	0.103832248679611	0.237135751192691
ENSG00000096433	ITPR3	0.726956546913803	0.0285887209816958	0.497005316955568	-1.20452627919717	-0.409948669624341	-1.83448291950178	0.730117264380792	1.04156237003201	0.694909559692498	0.527670123769795	1.02367903184875	-0.771006042171158	-0.186568928573763	-2.64632401016781	1.38552645884863	-1.88166950535435	1.41767981893424	0.769362811759723	-0.889956241883517	-0.0425775160423146	0.755067397521421	0.801329198673368	1.34659986621053	1.24488306437272	1.39344248466413	0.840346345483777	1.13777197713012	1.41248566862665	0.529932791463629	1.27639128836518
ENSG00000124762	CDKN1A	0.391356740878559	0.2182187756867	0.395592811454156	-0.527390823204974	0.39550523398982	-1.40211384651473	0.38672773831123	0.361961109326048	0.322290613495046	0.350261524902846	0.395592811454156	0.068149010218377	-0.00889827304699644	0.00275078582881045	0.395592811454156	0.0962143895719037	0.395592811454156	0.395592811454156	-0.116398020373281	0.371286801547851	0.326752975389032	0.215154072976582	0.395592811454156	0.323439265122609	-0.0634976579043785	0.269167019006789	0.318026554123543	0.370112688477606	0.334135843773735	0.395592811454156
ENSG00000075624	ACTB	0	0	0	0	0	0	0	0	0	0	0	0	0	0	0	0	0	0	0	0	0	0	0	0	0	0	0	0	0	0
ENSG00000058404	CAMK2B	-1.74085413528133	-1.25403370277216	-1.98102685363314	-1.97327282306823	-1.26810318056788	3.08683884044986	-1.18281078665864	-1.92408590555263	-1.35714209198973	-1.49649404288365	-1.51732117309075	2.37290223103899	-1.26505754011117	-0.348497289154527	-1.74917577543645	3.04854098033109	1.67925268531546	-1.74590988260509	-1.19298946069372	3.25442024354862	-0.437876193779147	-1.4131666873641	-1.44185301001256	-1.50730598283999	-1.731327695009	-0.87853090050098	-0.279758545398903	2.598782957901	-1.85302316877732	-1.74906960900638
ENSG00000164742	ADCY1	0.18582754172468	-0.590222879410908	-0.59767889127581	-1.4599492147915	-0.186050889353479	2.22095103505309	0.0906819915611257	0.725884063559279	-1.03653558326392	-0.838279163665174	0.550164905289362	-0.397413403274886	-0.383980166232613	2.06330508061836	-0.633192807883503	-0.277040161373208	0.232068738337531	-0.392442809433973	-0.377102678956604	0.568558181679182	0.0452044856053682	-1.1876137621918	-1.12737910160365	-1.09563189943224	0.165565075159931	-0.681549169677599	0.668890180814518	0.704215622104711	-0.0604156086183368	-0.241367138079288
ENSG00000146648	EGFR	1.10956689648477	-0.0219175569641882	0.616717144597512	-3.73966900218809	0.892736805686461	-1.39772041226971	1.12097741752275	1.05850284413094	0.293051595622858	1.08321197776716	0.979064132850782	-1.55215727140417	-1.00497266757842	0.285663761421683	0.630027544769664	-0.899231704721539	1.4805170207619	0.544538110209387	-0.896139327183162	-1.41500300305812	0.891844407522362	1.05337268704946	1.75293895172906	-0.0650637884532744	-1.02076118611383	-0.135501563201529	-1.08297527418499	0.789850523051783	0.648136942833263	1.43472864701807
ENSG00000153956	CACNA2D1	0.44690784109126	0.456912391862008	0.549944846161857	-2.95843231331773	0.982722740248583	0.314417044616648	-0.138687613583132	0.173589365286747	0.573807500237554	-0.184710347876163	0.199142168025526	0.0035313858963458	-1.24798945627542	-2.49718051407743	-0.303413698399079	2.09550310334506	0.265562434683037	0.418244903267513	-2.43872348799639	0.656354942634062	0.138635542083385	-0.916658193959052	-0.223491989188181	-0.807175165300237	-0.885383900353075	-0.55199271594377	-0.648591813831595	0.948972070381226	0.605545582617709	-0.217434092726606
ENSG00000105851	PIK3CG	0.392833412524945	-0.251332800341946	0.0309441901041637	2.139571002803	-0.0770110638654238	-0.572931998026137	0.0951102944630445	-0.135877680350437	0.0519714997882801	-0.280928164376024	-0.0037492408970949	-0.508076892626505	-0.402827763669785	-0.556094070197089	0.948524103940666	-0.671910767784672	-0.0212493536714159	-0.112859882347697	-0.592177456368998	-0.340212149417229	-0.162922366635549	0.094081359954416	-0.509241945835468	1.07807333998708	2.00282103942867	-0.065165228658903	1.79377750884482	0.213889292088012	-0.0689733070270497	-0.215933322777874
ENSG00000164867	NOS3	1.42783730990897	-0.0428666557806158	0.787070967024449	-2.37230044328669	0.208901408149644	-0.815452895413856	1.31949597500768	0.891015570879668	0.0327683600502753	0.256148591821784	1.0265608045413	0.425547715216336	0.18467567438447	-1.16898085987574	1.17033301023777	-1.13704969279914	1.33693597803491	-0.315707388570814	-1.41261000043569	0.534006491679907	0.617955702874642	-0.201590970859368	-0.69561819943699	0.312339406860707	2.86206601538624	-0.17430395632669	1.00011895661663	1.18020256296258	1.40431620857169	0.70315463048965
ENSG00000155897	ADCY8	-0.48960429139711	-0.542259913456676	-0.559869974851357	-0.565451074072645	-0.554499057086382	1.94416712575341	-0.446346214447953	-0.307261489557723	-0.551655326013892	-0.514621119693048	0.896282104970225	-0.545425608500402	-0.50110855553157	-0.556560315160814	-0.262581146376006	-0.476127605101114	-0.337060561785142	-0.485811507339204	-0.567978645200231	-0.51077927356474	-0.530644886186242	-0.415122687965354	0.569680681204382	-0.547735883981705	-0.568934512883002	-0.500099246959697	0.414002631637647	-0.552979287099776	-0.543705885053801	-0.500750425344543
ENSG00000159899	NPR2	0.727961575618389	-0.2138225507229	0.885500777952946	-3.15204697962952	1.37667610290619	-0.464403351547596	0.549351535950236	1.44604317497133	0.627473840452816	0.091765022669787	1.39121823467395	-0.493873018059856	-0.828544379015991	-1.14965468756639	0.592457522078753	-0.483051481062192	1.36429295354816	0.66440219305709	-2.22030670763764	1.067826002527	0.727922877499475	-0.570386155600406	0.305350132383992	-0.0752659797192345	-0.550957542119605	-0.468816709863027	0.102030960553328	0.169078457272055	1.57058433761031	0.876214147536078
ENSG00000165059	PRKACG	-0.114253558886336	-0.113941659276138	-0.0907390768223427	-0.111484838762367	-0.107566322394685	-0.111295349865911	-0.0883282746820458	-0.0934539471458609	-0.102784788063562	-0.116256986125701	-0.0975158813592389	-0.121709676160841	-0.117714744714148	-0.120897040190305	-0.101974472372189	-0.116912327180279	-0.109432395102464	-0.102254645727877	-0.112486917144874	-0.104593376021277	-0.0688737024570493	-0.112234859362212	-0.116251332919198	-0.0950043274853883	-0.107192646581031	-0.110715807312573	5.20323780414735	-0.10547751665835	-0.102257205268838	-0.108230913852157
ENSG00000188386	PPP3R2	-0.116685496059661	-0.131828560429852	-0.114578987484212	-0.122734326030116	-0.0792570747443256	-0.124419418108301	-0.0867713378572688	-0.111512842756562	-0.114056806271374	-0.12142905029201	-0.103549936172807	-0.136486675806492	-0.133794283306472	-0.129487320401387	-0.11955975057415	-0.0732595756276644	-0.0891833804738651	-0.113432669599622	-0.143341703062787	-0.124734531391648	-0.0458284801052366	-0.122403408400931	-0.122934332925045	-0.107101162313342	-0.107917093054465	-0.128488490183588	5.34613317733273	-0.109750126973332	-0.113993344636525	-0.123637535987036
ENSG00000178372	CALML5	-0.309576139252548	-0.858355382976757	-1.06593298715196	-0.767810462040556	-0.359688973981766	-0.880882487641322	0.863908853796598	-0.259875992810791	-0.643599451935802	1.15691094645569	-0.968683051389371	-0.742356116724873	-1.06968028623764	-0.88906288334953	-0.563110167913439	-0.58115412516257	-0.252018129606767	-0.647310719442284	-0.866341573569669	-0.728321705554984	-0.584445066633717	4.1771250356073	2.94416721669434	-0.650893573993848	-0.847934358755487	-0.664432390003787	-0.547388511830488	-0.560197149458714	-0.617059260597211	2.75935714967234
ENSG00000178363	CALML3	-0.713705354168255	-0.831202827641632	-0.731007573570017	-0.8453211779034	-0.660611149703378	-0.707172448488392	-0.0908667923349142	0.14331793414458	-0.797911777571915	1.48142545594142	-0.6755782663258	-0.852350720361988	1.2056480915743	-0.423037728433679	-0.801009339455855	-0.812149342430384	-0.766111573792672	-0.697343404665694	-0.836200029823309	-0.648842032719528	0.736458543755346	3.70183383105041	3.08393642934397	-0.73790522887902	-0.808353947686417	-0.765707857797469	0.878300632234394	-0.712855573431068	-0.732139707798686	3.50461736874677
ENSG00000149782	PLCB3	0.379995139656124	0.617896927475445	0.670555444523249	-1.28726113893626	0.833763476964691	-1.20761757440254	0.299557687624755	1.27103415123613	0.513846377192962	0.84912913436944	1.11906253470605	-1.05858288852847	-0.558209801659904	-1.70694193983839	0.948711352306593	-1.51549285399178	0.673204296553583	0.970455028187795	-1.37772734777582	-0.560779955110476	0.629189823385536	0.260674787630931	0.831356186338995	1.20187629805544	0.571069666202284	0.0032315149573956	0.388923220368177	0.486261325725732	1.26787958289786	1.12930024261974
ENSG00000172531	PPP1CA	0.0954809472997057	0.0921581874160749	0.0950376867881381	0.0419587673654263	0.0055356791775548	-0.270905102031356	0.0940399691136213	-0.0412049880096999	0.0941058379960814	0.0615913905065263	0.0088280776460924	-0.246066964638713	0.0523031953275689	-0.0392850663147924	0.104042605592764	0.0507851632079879	0.108035590316812	-0.135365209144361	-0.152320739276982	0.107877701842268	0.102589953382161	0.109361380452573	0.109345268597593	0.109052741426604	0.109361380452573	0.0933091252148173	0.00219480129280017	0.109126677708063	0.0537624981912195	0.0984901285281934
ENSG00000152402	GUCY1A2	1.03650454641459	-0.158357896510327	-0.352399886818557	-1.43710704013049	-0.00232059741824934	0.562879106338839	0.620506315624165	2.30596392001457	-0.548489620385096	-0.406292423658554	2.22900745635996	-0.385044143035853	-0.384833070958833	-0.972644248135542	1.69545440054271	-0.165103912953115	0.392225891502685	0.0744050941181144	-0.201427651733471	-0.563238449629385	0.211316917859464	-0.499806614573792	-0.625756283736271	-0.794484660461992	0.480493043866705	-0.907177927903066	-0.228205776893745	0.179782253184541	2.58626379824055	0.90948516088096
ENSG00000120457	KCNJ5	0.201874597407178	4.40466415430632	-0.47053702574262	-0.95574688908303	-0.248039296628154	-0.345641381854296	-0.0982632126318154	-0.6240712483623	0.0499564817104443	-0.321466597079482	-0.583797067390467	1.09177184394266	-0.00926137407120273	-0.901390291188014	0.661938744879381	-0.902595390971631	-0.112610064359504	-0.0273953859098154	2.13527457305716	3.46847180084077	0.0763331611564688	0.268935122299423	-0.634963810546399	-0.41795275823333	2.39148407133521	-0.0685261037727967	-0.011076161141818	0.000520585980488045	-0.639870725376276	-0.274673963712176
ENSG00000151062	CACNA2D4	0.792461332690528	-0.195097933679638	0.181345304273758	0.533070838434017	0.045941259858219	-0.791008538738562	0.536145727316187	0.185712935908217	0.217774345382953	-0.0968906526531483	0.170894068650375	-0.724182228487308	-0.419176886413794	-0.665555324340376	0.606476593512963	-0.904261705339404	1.67883401170685	0.0866908290693346	-0.72095402578094	0.457671726621171	0.135463734064635	-0.0385736889580032	-0.417477662126111	0.926680086966922	1.0643922286643	-0.132841351147734	1.91492781650301	0.324266764143791	0.123239419444441	0.0608506269329543
ENSG00000174233	ADCY6	0.99341274917099	0.0906449876943617	0.46532148407624	-3.85699349615785	1.09465721884397	-0.833391405204014	0.950151982539307	0.996747603502153	0.695460258994393	0.251353612424451	0.971481659955068	0.701932445604955	-0.00598165389591871	-1.21724229720718	0.635123126738841	-1.04082153142824	1.14127655770391	1.10540578670098	-0.40879685748524	0.637351836122722	0.767036914775522	0.473856308772633	-0.0347426109606872	0.549373022521818	-0.896769119294518	0.668425905812878	-0.749256775639227	0.948908176465418	1.14087560819167	0.476036961965674
ENSG00000167535	CACNB3	0.0233535022002263	-1.60899391502604	0.728894531188292	-2.30390612431042	0.370081660231525	0.87414115150351	0.0867381398062703	1.82823026342998	0.752223116785894	0.924312537238914	1.31739459660546	-1.63915980421494	-0.532781960478603	-2.77857089902101	0.633833237346944	-2.36033389994153	0.633692141670098	1.98414180097082	-2.14541831867043	0.445003313633326	0.773679545616989	0.263724898471884	0.232030402068084	0.208402725890811	-0.561873977709857	-0.504169834932877	0.063000719794338	0.420361507791688	1.89428441757364	1.30577827580814
ENSG00000196465	MYL6B	-0.227972188721835	-0.130242163794361	-0.0852756238070459	-1.72704714649108	-0.18017772245485	0.910874696565732	-0.00765648076254568	0.85087161758975	-0.358356607253184	-0.322537176473063	0.495715943681173	-0.49605697363969	-0.14457296856148	-1.78829148089711	-0.262690845436352	1.02796531411258	0.259285240719952	0.908412730565899	-2.03792045195244	1.04284378793866	0.446257779312578	-0.426524791147841	0.0893639988008641	-0.664908443483936	-0.419435329003241	-0.706327202904895	1.04651627641022	0.684617137564438	0.663631560188886	0.347680589673302
ENSG00000092841	MYL6	0.00734118210040613	0.00734118210040613	0.00734118210040613	0.00489451420836761	0.00734118210040613	-0.0103540881930749	0.00734118210040613	0.00734118210040613	0.00734118210040613	0.00734118210040613	0.00734118210040613	-0.0102962756269147	0.00734118210040613	0.00255560664481939	0.00734118210040613	-0.0679123697683407	0.00734118210040613	0.00734118210040613	0.00159552546812669	0.00734118210040613	0.00734118210040613	0.00734118210040613	0.00734118210040613	0.00734118210040613	0.00734118210040613	0.00734118210040613	0.00734118210040613	0.00734118210040613	0.00734118210040613	0.00734118210040613
ENSG00000058272	PPP1R12A	0.501991134599874	-0.710418067864672	0.839896050750642	-0.466761765522256	0.890941271762437	-0.916506959752707	0.492588915486605	0.795593310100451	0.588124511632282	0.563450161532174	0.879846142240478	-1.11596601057768	-1.289072579446	-1.90855712189594	0.680723049366698	-0.747223983392799	0.829609386538867	0.585214994604913	-1.95954952059717	-0.168128823767666	0.568568959529565	-0.142554192746014	0.330150025411852	0.287144775181743	0.315124806703161	-0.214284694821053	0.283064560324174	0.61815455541045	0.90514085797035	0.575622759297006
ENSG00000111725	PRKAB1	0.327008747450243	0.344144428808531	0.546606450864382	-0.486268069081317	0.305784217357113	-0.723646126159929	0.495945376670085	0.581341902573093	0.556390628205775	0.42844643580925	0.503613214664111	-1.45900155888307	1.06110958470871	-0.931177118656952	0.793673598622398	-1.00902024139362	0.675867997924815	0.276118898124664	-0.586066582336533	0.360597180403866	0.295672558161635	0.302408029048098	-0.141474052184057	0.753407029644562	1.03123928671205	0.796946909517768	1.01626427079327	0.745822063442353	0.485095008866389	0.305655352108461
ENSG00000129467	ADCY4	1.73764549569409	-0.539243334403164	1.04705565713187	-1.67849496977938	0.138887009147444	-1.73409544033048	1.73810755498067	1.53348843546893	0.244953719655629	0.700296936182061	1.44635008854058	0.479257233988794	0.52807832691108	-2.0860751812408	1.5617750420026	-0.572798549546285	1.57455806437792	-0.211213857179162	-1.49562061580063	-0.477005951189834	1.05420675799827	0.248061822959453	-0.38818748726911	0.465152429813541	1.47152423730685	-0.0277198558652893	-0.875807391165435	1.62004368764469	1.70981553568927	1.17483172940516
ENSG00000100968	NFATC4	1.02251315904936	0.856584765629612	1.43938539698957	-3.46253083795777	1.3964394979913	-1.26021046680872	1.13316691014	1.41267164285179	0.936819023351801	0.746682108809739	1.4890711902528	-0.734137326897578	-0.641717634608252	-2.77148713697928	0.665290605527984	-1.99684110791387	1.22764845051597	1.53594259882879	-1.77052788190728	0.694996155884736	1.17404430034444	-0.12458529137727	0.405636894292043	0.218437380413504	-0.397102783845448	0.0969242145277302	1.2892836481119	1.32583544234858	1.52923156580422	1.17363453183511
ENSG00000170345	FOS	0.294655697155854	0.12447590490272	0.317186677466311	-0.415236869590693	0.30403612219856	-0.412596655392036	0.286213761529131	0.215845543571818	0.241297163191383	0.206952096767323	0.30392311199908	-0.286351654335646	0.0467603240489639	-0.210763066884637	0.315961734030804	-0.802561445756316	0.317186677466311	0.31455561874906	-0.225991788767786	0.312701918403865	0.286385733554972	0.195781919872983	0.174425941948771	0.267530101143905	0.271834505506063	0.138294018089429	-0.750417187497189	0.261959286069092	0.0416492254788503	0.301444773572547
ENSG00000198838	RYR3	-0.299222988064445	-0.713673974484647	0.428585316377456	-1.36043273415979	0.603700977940892	1.00574460637927	0.0316873057307573	0.683244665930647	0.804683670487001	0.218898650522152	1.25928261832508	-1.25254570869222	-0.601883743446736	-1.28436907950101	-0.824247341059728	1.4965317964916	0.399929296904373	-0.386995748107096	-1.2615661570286	-0.191924138497491	-0.074540849587997	-0.713528834530272	-0.618399580561888	-0.333625121585335	-0.599237718540761	-0.379571936122276	0.289845314336618	-0.74029754141869	1.9231789393632	0.272984440044285
ENSG00000137841	PLCB2	0.816759634191736	0.239064581471696	0.617184523532071	2.35634518823916	0.00251719455950579	-0.314886539475717	0.120713909673296	0.122895054433693	0.283136733609691	-0.272442912437878	0.862137154360508	-0.740565367822543	-0.604043696409305	-0.547139666147789	2.38166520700105	-1.81767233510551	1.22172893425217	-0.774470525080831	-1.44013626683138	0.0514978461146112	0.390885433308149	0.242732366887232	-1.44163390929781	1.62303108953969	2.7246730980072	-0.191285177326485	-0.270762571319486	0.157683322727517	0.0194838906051052	0.00930343423420233
ENSG00000243708	PLA2G4B	0.0716239350020548	-0.634506155022522	0.571256498547587	-0.694748742525598	0.0366937652089121	-0.300319707141113	0.391963647839649	0.897213860505026	0.0913195097636707	0.435960859938905	0.740414840164027	-1.1937630960127	-0.226697493569191	-0.573902263295368	0.704206405570697	-1.61316373715241	0.802577561941851	0.89317779277831	-0.404253758591388	0.876679947762591	0.846133805505031	0.690780760554028	0.150932494134084	0.312788278974884	0.719127539454264	-0.028951939467353	0.555994113030961	0.910935561981827	0.677433484680523	0.885885846345489
ENSG00000188089	PLA2G4E	-0.590201101579562	-0.528710485107437	-0.563058245101404	-0.568026018976795	-0.592962589395307	-0.558880426623712	-0.598014600643302	-0.213752935662193	-0.576516113850064	0.314789184757374	-0.500976324931907	-0.553581650162307	-0.61794000172972	-0.568480769060044	-0.0545161205137651	-0.196331735581329	-0.58212554073954	-0.604825559379732	-0.602682551122768	-0.246736828766212	-0.450958478621079	0.163047685544244	3.36600774259467	-0.557012459623897	-0.628053199834892	-0.608288824575975	0.678743444015582	-0.562050426915458	-0.60808878768571	1.25112858619488
ENSG00000159337	PLA2G4D	-0.543050310850014	-0.0780730588216607	-0.164584395456943	-0.569594633199846	-0.558131812193071	-0.367123887407436	-0.525242302217521	0.0850635751055597	-0.478788932150991	0.0409255428715792	-0.55573378873997	-0.573278525568971	-0.547617298975622	-0.551277633528738	-0.411937323309314	-0.554898192410359	-0.550965254004241	-0.538728758078673	-0.547186961123745	1.06161842277716	0.902237210722473	0.0303022170979769	2.98914248767262	-0.431760855613398	-0.573741888904128	-0.438931861791995	-0.221259567071521	-0.529684093137972	-0.53911550762732	2.52043758059463
ENSG00000168907	PLA2G4F	-1.17588929690361	-1.25545683688295	0.532455040284554	-1.24525599063244	-1.19509496809642	-1.13224596778349	-0.460083153937581	-0.474283833012823	0.313627422860303	0.29474588738105	-1.0702116596229	-0.830575045121983	2.37407905241085	-1.25274113398959	2.02108048700783	1.04051125510513	-1.1837729482765	-1.180805155428	-1.03424522159116	1.26868109331216	2.31115851262991	1.33721753508738	2.7763107941739	1.04051124350415	-1.25482867895414	0.723509618914658	-1.06444842610796	1.44298368952693	-1.20598349063104	2.54264092588516
ENSG00000162104	ADCY9	-0.0508967339716127	-0.469921096100176	0.659049022325684	-2.55613842193976	1.48122935664276	-0.74525030673251	0.00480917427132477	0.583886511447977	0.223623061744033	0.206725837719902	0.775424759214364	-0.370428718109655	-0.726976653408305	-0.413111017602194	0.959493624992971	1.37838621152471	0.787655861565945	0.749203419360948	-0.402193366073993	-0.140562434474578	-0.374691627558896	-0.202936941568994	-0.0699219097672873	-0.0244636915201622	-0.762001296135222	-0.530221905313186	-0.376930110514306	1.61692758080336	0.721332425154647	0.0898392352283258
ENSG00000103319	EEF2K	0.877372354163697	-0.573491248794478	1.00527164355133	-2.07973053926016	0.975576399418342	-1.05725926443347	0.92171749161611	1.14137570718249	0.637525107135024	0.116141579146323	0.915889057006239	-1.07928151944379	-1.75161671240468	-1.35607711243338	0.302680193621757	0.113667405165274	1.22716002096449	0.218581769101525	-0.6984025138238	-0.548861288833293	1.14535906257892	0.621096524907697	1.12247615717704	-0.135396781605957	-0.139970591225362	-0.205547501467345	-1.22737036479697	-0.0675137191226914	1.08342555061378	0.905255201502815
ENSG00000006116	CACNG3	-0.562521511530934	-0.344138359357299	-0.571251051739073	-0.529942051253925	-0.561269051043023	2.99438605492654	-0.562447375671581	-0.571268057857741	-0.557779708693564	-0.561073486624252	-0.578657446568753	-0.565421995308779	-0.566283794029273	-0.56555672274308	-0.545453513170271	-0.561176799239183	-0.555450771308698	-0.561171843073377	-0.550798580778229	-0.529737511747189	-0.562412574626108	-0.571521874385411	-0.557820083883439	-0.558407200457808	-0.551403679355473	-0.568077103667389	0.105902276213145	-0.549201737250872	-0.552044617601929	-0.552211922933093
ENSG00000102882	MAPK3	0.256594682970757	0.00876294315615473	0.248612364082713	-0.0279018878503234	0.253858481659354	0.17188069248832	0.256487260948126	0.263480105944371	0.221282830323747	0.182117763460178	0.263480105944371	-0.811589397303044	-0.642709733781395	-2.30294918188351	0.256442036198594	-1.09524899132166	0.263215596682789	0.262921878710876	-1.95257737537387	0.183545779633547	0.103115170606558	-0.0528005916416049	0.221109737191015	0.244164149326162	0.143472950644566	-0.0892101272586832	0.101812892098195	0.247820690082049	0.26239858824533	0.263138401902587
ENSG00000140795	MYLK3	-0.59131954491113	-0.489665867466957	-0.529313367437455	-0.502719428522556	-0.294165605420953	-0.178050881867821	-0.554997920783492	-0.287801902615773	-0.545046793960003	-0.507730120488577	0.239088346369169	4.14536721338162	0.269338010509213	-0.624981163827154	-0.290250997204645	2.20907547545202	-0.32381155078448	-0.0929795639666777	-0.618595191477739	0.0489114595710589	-0.379829322326664	0.167355319373235	-0.625181567272064	-0.573742048730382	-0.519255907063836	-0.567529173594464	2.9420921045384	-0.574547767288496	-0.20170954928175	-0.519919692186628
ENSG00000121281	ADCY7	0.317505008664482	-0.410352582692062	-0.224907979962981	1.50442080916182	0.238829694919133	-1.23242969865739	-0.24504451369964	-0.302257650752291	-0.180943492761378	0.40045300454853	0.253850702340259	-0.775251432579688	-1.1895533476142	-1.3596950138845	1.84569093938175	-1.57078927930482	0.762832098985643	1.69463198754647	-1.34946888465161	-0.513593456030135	-0.590381403815782	0.108179679226457	1.22228737103243	0.887664150313086	2.01231926068523	-0.552332395394658	-1.08647005340539	-0.186268787117816	-0.455947090466884	0.474610698030123
ENSG00000087258	GNAO1	-0.937878375323824	-1.0733992247957	0.425380568311008	-2.01254518122327	0.137670581240247	3.06892647731068	-1.38099375124337	-0.592655380214438	1.83517680142649	-0.438454839015387	-0.0348472740455883	0.394250571314411	-1.55899775018519	0.299176279580805	-1.48889002699057	-1.81693412265342	-0.591724266726505	-1.07022002948488	-1.59157084179418	2.84743845962219	0.246578547150738	-1.04387203892922	-1.44058345309325	0.254523224896142	-1.23492748155651	0.198679655945029	1.32474517269865	-0.607846314960991	0.37672178403166	-0.58090741986375
ENSG00000072736	NFATC3	0.403734212493494	-0.399460532721089	0.446453748987536	0.0524176231776784	0.597901295895345	-1.21480035008578	0.272358670610202	0.473663756276444	-0.0162205370549036	-0.0313986455968374	0.577107161583286	-1.02529096086402	-0.732002665913084	-0.920217644505176	0.615549096520166	0.855248508032705	1.04666489479181	0.467868145944333	-1.38237044873633	-0.372123264004598	0.0130095950418559	-0.0464531507573943	0.419728040710233	0.280787784185218	0.319880441234414	-0.543268690638264	1.84792216582583	0.528928552936748	0.615972609076419	0.253156777173969
ENSG00000141506	PIK3R5	1.06969973671619	0.562603745431855	0.447324757640548	3.3198248498099	0.180716337651029	-1.2012146087791	0.249682090276345	-0.301255289082318	0.093921975002796	-0.293673077003349	0.509756499799853	-0.899661647229744	-0.769330947211051	-0.70025011578635	2.75830492467986	-1.47923136359172	0.688180476888789	-0.799390112378333	-1.1407136281863	-0.658002416693171	-0.159976149607059	-0.103322407299866	-0.858343689296685	1.6022767987721	3.28786662627954	-0.210000165626459	0.685097567612419	-0.0848695040612896	-0.339920614993338	-0.223961661802958
ENSG00000166484	MAPK7	0.407624559286525	0.531001244907704	0.696734832908224	-0.585016025100323	0.948313318262924	-1.29673667062236	0.456174933288543	1.13392893095247	0.496085519518319	0.684506903863112	0.823212306094954	-1.29430637598112	-0.557973768648548	-1.89990026154716	0.744787296132255	-1.65873900647172	1.05807840153715	1.01778032316666	-1.80572550162546	0.0996792357418686	0.452768370831663	-0.0841351466796153	0.789376639634308	0.317363784795135	0.613233935492029	-0.313744393671232	0.984207196419711	0.54412557772565	1.10582022803647	1.15743660452625
ENSG00000184185	KCNJ12	-0.135937427789318	-0.899046505770773	-0.396913557672202	-1.36429275563518	-0.660752095367119	0.752973017359523	-0.30284980230651	0.15998114989395	-0.291164524688665	-0.720826210613082	0.347714014026786	0.804877835041935	-0.379446534348264	-1.40456231187532	0.604120232084548	3.00922275303822	-0.503954021732367	-0.705375394911175	-1.35535493951559	-0.313563947536899	-0.701812362711747	-0.728521699963159	0.264229292452043	-0.814022721321023	-0.0621304136438165	-0.298854425701247	-0.190713034692978	0.184529054023934	-0.290867051616276	-0.60050526074562
ENSG00000075429	CACNG5	-0.0859057656552993	-0.0846751910544531	-0.0832052654347247	-0.0884862476531992	-0.0856261159499837	0.389919111407261	-0.0880824351543981	-0.0779928428624204	-0.0572467380957914	-0.0864317235554939	-0.0907916950729285	-0.0881135565484232	-0.0679865757685123	-0.0862869688069722	-0.0865291259032602	-0.0872447082977028	-0.0801647843103098	-0.0739871377360843	0.02336764699198	0.160161762254236	-0.0771885419047554	-0.0863778835476222	-0.0875650133472201	-0.0646159859347612	-0.012952517546859	-0.0833206144378496	0.108396148638173	-0.0671246277609954	-0.0652677906372206	-0.0806148955440511
ENSG00000075461	CACNG4	-0.875837680210463	-0.934014677571628	-0.521217788144916	-1.18418580766284	-1.16951954919541	3.1498612303091	0.857838788184556	-0.375288671690239	-0.482187195812048	-0.312164581967598	0.0499434614866897	-1.06686782428551	-1.01828127360398	-1.19871142575405	2.06652331925827	-1.09795130376128	-0.666234556758269	-0.963181059289178	-0.902752381263902	-0.720706206687027	2.12718933534662	0.284594755631677	-0.68880061704848	-0.878634515455824	-1.14025522105895	0.263754634860226	-0.446524410318332	-0.902129788869733	-0.489504501344738	-0.117405211166461
ENSG00000108878	CACNG1	-0.431005539225763	0.982280880330329	-0.521535507557878	-0.354511893945027	-0.41168128131073	0.279323801495404	0.112061882869076	-0.492142809181061	-0.462992442582452	-0.434362514006592	-0.136615436646061	-0.481139692941623	-0.515445267232548	-0.493749672575802	-0.191855764824138	5.11014625646977	-0.357649112925718	-0.472201679019868	-0.489976687378919	-0.471480968563893	0.422444025256574	0.655271844356265	-0.442207216278552	-0.465599766019945	-0.477957012104337	-0.359821178048623	-0.371759784304689	-0.411761951364668	-0.465960920079444	-0.413078061429323
ENSG00000123700	KCNJ2	0.0783520325585182	-0.881262867953241	-0.593288828101766	0.826351738383391	-0.806601013266853	0.14600661177557	1.10364960643417	-0.547286951761061	-0.139004062617368	0.150030871927789	0.0801208974900462	0.333295444787562	-0.853255925785978	-1.24778187622264	0.521534044250688	-0.0419862879487187	0.586385883919787	-0.552368995329459	-1.36944637697952	-0.447785264595153	-0.0396881781404278	-0.0420103783394529	0.0193192363542673	-0.308535306984713	1.76695192228527	-0.479172107735147	-1.14560704925851	-0.331592515853704	-0.582529734424213	0.495737582136636
ENSG00000184009	ACTG1	1.49524420161029e-05	1.49524420161029e-05	1.49524420161029e-05	1.49524420161029e-05	1.49524420161029e-05	1.49524420161029e-05	1.49524420161029e-05	1.49524420161029e-05	1.49524420161029e-05	1.49524420161029e-05	1.49524420161029e-05	-0.000286909749760762	1.49524420161029e-05	1.49524420161029e-05	1.49524420161029e-05	1.49524420161029e-05	1.49524420161029e-05	1.49524420161029e-05	1.49524420161029e-05	1.49524420161029e-05	1.49524420161029e-05	1.49524420161029e-05	1.49524420161029e-05	1.49524420161029e-05	1.49524420161029e-05	1.49524420161029e-05	1.49524420161029e-05	1.49524420161029e-05	1.49524420161029e-05	1.49524420161029e-05
ENSG00000131196	NFATC1	0.656621602057732	-0.823660767312433	0.152665557644263	-0.00595517225949583	0.928202498816436	-1.45391897257436	0.666256081708951	0.20643699321618	0.0488675365555814	-0.142942732183488	0.488987548242768	-0.38424496080166	-1.01057646923064	-1.88123293049246	0.921637705396309	0.954220059566472	1.59233666215608	0.181327358799846	-1.60251465285149	-0.846674057039335	0.00677529975915936	-0.218134132690081	0.263444280862984	0.559676581442752	1.24542274688681	-0.697343192658839	0.691896555631737	0.392778085744549	0.528829534798725	-0.0260648383863193
ENSG00000196218	RYR1	-0.545905025366148	-0.798029824488917	-0.87710589591972	-1.12174100737285	-0.768367855904136	1.32935724882944	-0.434433707519009	-0.579588509224112	-0.680779051755929	-0.282164109047113	-0.73899475617656	-1.18755545164322	-1.16171864238547	-1.36888460265318	-0.546333267398403	4.13766668164984	1.00734294686891	-0.81461642815177	-1.34547453619177	-0.46137276046692	-0.476573812228503	0.489698837677867	-0.104434863567027	-0.620946749933478	-0.819741661684945	-1.02198849552346	1.71551670408542	-0.650950046172846	-0.951301234101187	-0.233115621558321
ENSG00000160014	CALM3	0.00820134092860866	0.00856818838653606	0.00856818838653606	-0.00721866123697084	0.00856818838653606	0.00728180722597943	0.00856818838653606	0.00856818838653606	0.00856818838653606	0.00856818838653606	0.00856818838653606	-0.0908920332086191	0.00835102492721173	-0.0608202453518511	0.00856818838653606	0.00856818838653606	0.00856818838653606	0.00856818838653606	-0.0641967030026684	0.00856818838653606	0.00856818838653606	-0.00781819108164152	0.00778766226894116	0.00856818838653606	0.00856818838653606	0.00635124840624491	0.00856818838653606	0.00801647559379774	0.00856818838653606	0.00856818838653606
ENSG00000105499	PLA2G4C	-0.180302154784201	1.22519841512114	-0.101357474294013	-1.96814440359796	0.591783581822352	0.944867688541234	-0.136991434653874	0.112573519195132	-0.146454533216628	-0.390227926120429	-0.0455686239564677	0.253559184791771	-0.379012537581324	-1.20211541040158	0.726077621137222	1.79394140823037	0.247318552950711	-1.10773128260955	-1.43952049863053	0.64051744232554	0.0334397156471944	-0.725886655181775	-1.08728824362254	-0.15773729115294	0.908061292920891	-1.07284012733395	-0.345844112899203	0.284384389159102	0.477258714039238	-0.69337078118734
ENSG00000182324	KCNJ14	-0.0594012433719621	-0.626076507427252	-0.117401968563011	-0.756378836315033	-0.325936122509737	0.194218506201304	0.0663373056505349	0.284193155583278	-0.287074864658835	-0.114556620784556	0.444381555862694	-0.785219686952398	-0.437308887254839	-0.532534248747768	0.064935135703924	-0.0431439879043978	0.331871096449735	0.402287274166053	-0.679319337906621	0.249870486833128	0.557040300275781	-0.227460967436544	0.761350379435601	-0.188286325760694	-0.110758079646182	-0.39683993269078	0.429740603730751	0.61429129677207	0.19534614954902	0.382559890815769
ENSG00000126583	PRKCG	-0.779479615066669	-0.881645495197588	-0.809025843085987	-0.771558027470027	-0.742392588608138	3.57878902660772	-0.795955139945643	-0.80253359902758	-0.625564832866492	-0.77941746595121	-0.204665516522142	-0.873554675216096	-0.835220063019993	-0.893928774793839	-0.71592483794011	-0.883946740030739	-0.827106409241209	-0.730835569698094	-0.548334176347825	0.602587514221057	-0.755693385920116	-0.599370889441032	-0.807465785194756	-0.0638930834638969	-0.76214839511815	-0.229978874159078	2.7157436819375	-0.763710405233084	-0.696070975897155	-0.801788801633129
ENSG00000105605	CACNG7	-1.02957546418927	-0.945413805040438	-1.00956623558577	-1.02054946780719	-1.01023091010783	4.35325303579277	-1.02201558655076	-0.998803877649111	-0.561209626253939	-0.872361917191333	-1.00748663499131	-1.0341350718775	-1.03756320574397	-1.05924335413418	-0.999352899329708	-1.03816648561431	-0.910500705174624	-0.937016965040315	-1.03403024452045	2.5880248142409	-0.967057358333751	-1.04721221615049	-0.292471355282106	-0.775844583349499	-1.04428439199139	-0.859514925193514	0.0598171947820024	-0.968351700319448	-0.976022212901315	-0.911538366803776
ENSG00000142408	CACNG8	-0.571371905444322	-0.725964689468924	-0.648691938210999	-0.595244809349303	-0.591076498132938	2.69861979986914	-0.533335257274875	-0.611108167902426	-0.659043147622482	-0.634407016187402	-0.488410115271142	-0.678313308596624	-0.695746947166884	-0.729034847812018	-0.613979111427223	-0.378242602762206	-0.566601993551986	-0.659850538578552	-0.733255497029444	0.344861751396436	-0.631161131123638	-0.627954816861353	-0.0103397459047208	-0.661249726221041	-0.689351061900133	-0.62466385052893	0.687532110840797	-0.630426358125976	-0.521693070326804	-0.63794715298311
ENSG00000130433	CACNG6	-0.44325075322918	-0.529213237792586	-0.500111653453692	-0.16387214897252	-0.390419987156621	-0.108360160766659	-0.404106488285921	-0.23779715616679	-0.46905016405313	-0.467480909116385	1.07563230835974	-0.504141173629925	-0.511681053832985	-0.520319594814308	0.81128922096845	4.8674896044142	-0.387045404016882	-0.488003562166418	-0.518313202605627	1.35512253998732	-0.332000427076731	0.109999027938904	-0.420146407735083	-0.449851989454424	-0.431706250987081	-0.339978677822172	2.10751296118119	-0.464167968654841	-0.379520373342905	-0.479228849865772
ENSG00000125503	PPP1R12C	0.101111750122675	0.063261373997833	0.101111750122675	-0.0991658752216604	0.101111750122675	-0.00997027218517116	0.101111750122675	0.101111750122675	0.0998127567815578	0.0962065901826439	0.101111750122675	0.0420767403349958	-0.0258542474883916	-0.319753464500349	0.101111750122675	-1.03821545285251	0.101111750122675	0.101111750122675	-0.400119683657167	0.101111750122675	0.101111750122675	0.0558396268397822	0.0982826205777183	0.100377496003041	0.101111750122675	0.0741584459334752	0.100946976865981	0.100110129561529	0.101111750122675	0.0971682733242488
ENSG00000101405	OXT	0.739766304336341	0.419070137510795	-0.0270613120978477	-0.488002517867615	-0.499261807567918	0.171840158169927	0.758120049194608	0.625480582460868	-0.307562281256283	-0.356172078560575	0.0737846765980745	-0.435839390070214	0.562204881199155	1.99489330728762	-0.384427981997288	-0.640924787617116	-0.376852120293204	-0.233659669761403	-0.703890131493668	1.60818440494267	0.257152517644041	-0.0780539654468347	-0.0106209305953525	0.0840204741310573	-0.339280920411211	-0.502636833201905	1.71334490877008	0.305130603304254	0.0811866671605214	0.70358637163051
ENSG00000182621	PLCB1	0.244762668780218	0.259261235994758	1.13658824568003	-1.35670540901029	-0.327692417035874	0.977674802271549	0.218231620593148	0.215296400444541	0.82790544193598	0.543809634838835	0.202162311316547	-0.651336947317862	-0.453386691648755	-1.01296679645769	-0.0216211581767837	-0.525072838274635	0.796495917855898	-0.388019342106323	-0.501306718224762	-0.221873925951164	0.771921055859108	0.307329778234691	-0.799258881340243	-0.366730081272784	-0.76670538936178	0.0571866123788987	-0.774719745373048	-0.174611649056858	0.434433967756056	0.208875327277746
ENSG00000101306	MYLK2	-0.570739193377873	-0.75079742396327	-0.664594786150929	-0.545681698972699	0.190766165883258	0.178728190381624	-0.637450992187486	-0.742894171421627	-0.339264544274105	-0.425230077635182	-0.481853309913674	-0.416009838793492	-0.72421054138999	-0.766739567225425	-0.506246126835093	4.76046404550123	0.0655614781713363	-0.551497527429814	1.49588351249144	-0.439390587526025	-0.548788553013809	-0.00634837598881513	-0.605090903821609	-0.434629342882993	0.886414808979566	-0.310939402776388	0.278760668901935	-0.16877922665726	-0.410723040064825	-0.639617345423052
ENSG00000101096	NFATC2	0.640132089564247	-0.920249663952361	0.246523109357036	0.0679090874899824	0.2584926019452	-1.0623316646634	0.94512290129756	0.412895990698257	0.63442183505644	0.104214346010256	0.578688066762408	-0.729229148133994	-0.977827359967026	-0.676310152318741	0.542214843869881	-0.559158621277475	0.881724278618153	0.138883397321015	-0.680840402713024	-0.167405596640045	0.352889669405368	0.500064093238796	-0.0732056764017508	1.29531276065695	1.71570595441624	0.558881189272357	-0.314586951713341	0.896474135899736	0.554116634891249	0.190450620367799
ENSG00000087460	GNAS	0.00459778657924037	0.00459778657924037	0.00459778657924037	0.00459778657924037	0.00459778657924037	-7.20940823776495e-05	0.00459778657924037	0.00459778657924037	0.0044935955428476	0.00427739074786145	0.00459778657924037	-0.0376839818197505	0.000472630676668912	-0.127208083868406	0.00459778657924037	0.00459778657924037	0.00459778657924037	0.00459778657924037	0.00393439805767748	0.00459778657924037	0.00459778657924037	0.00459778657924037	0.00445444484592473	0.00459778657924037	0.00459778657924037	0.00459778657924037	0.00459778657924037	0.00459778657924037	0.00459778657924037	0.00459778657924037
ENSG00000159200	RCAN1	0.607221457077147	-0.858364793030511	0.0116097731691508	-2.61184107828386	0.380244848852948	0.460465059227687	0.711738150945755	-0.223823686762707	0.330296508859915	-0.0390008685822866	-0.674373273147995	-0.44592365096652	0.340815070049101	0.780537491938194	0.588597499498829	-0.665198165347975	1.19490334897496	-1.12213057549267	-1.36881706548069	0.0452777513478781	-0.125574155028714	-0.387012102019695	0.297394327046921	-0.307030126712487	-1.02758867372322	-0.320633149437563	-0.620596591046479	0.235994280895658	-0.0661108804484074	-0.00226511470523079
ENSG00000142185	TRPM2	0.0633715216587392	0.00459219909170731	-0.285450302768985	1.74423375225022	-0.293524921726016	1.62334950505663	-0.220874920554923	-0.342993841771901	-0.307034262645411	-0.74101908512859	-0.0743982413799724	-1.3381065441593	-0.885643647931032	-1.1200321085231	0.57823840756118	-1.50767425815493	0.442701953774905	-0.857872159096131	-1.21774672398527	0.329453533081336	-0.219298427586697	-0.414462274101767	-0.787375974581362	0.759831888049142	2.03111960895014	-0.630328868109682	-0.051213731291184	-0.476538707999141	-0.448984374288157	-0.576721831361797
ENSG00000166862	CACNG2	-0.335898875601891	-0.239559547307999	-0.35777342608127	-0.358489362913133	-0.35334641899004	1.7643786847812	-0.348636259882053	-0.363622346041879	-0.333093045032945	-0.353099192474477	-0.354347490273569	-0.36437639771046	-0.370146600724229	-0.368811502751759	-0.352212808926862	-0.35839790440201	-0.354292874492486	-0.353732219284412	-0.360000409641459	1.00691593011281	-0.360537453525272	-0.362601615006764	-0.351804975605865	-0.339582074474944	-0.35935780286662	-0.336535872237671	-0.0659859562469123	-0.346751523172656	-0.349569510273714	-0.32926496244879
ENSG00000168135	KCNJ4	-0.793776346784007	-0.668504788869764	-0.963301526734201	-0.913987302838841	-0.892960254521605	2.5075189078204	-0.905409969026645	-0.84284469335487	-0.881299014842792	-0.921783316644383	0.803975734129887	3.10634925292645	-0.622527247134612	0.15245030799515	-0.860903195924959	-0.947890164026521	0.431866974714186	-0.887212179718814	-0.930709272544147	0.938507545114847	-0.886982344555483	-0.738383208892681	-0.539612865809771	-0.413752751896834	-0.946917186380264	-0.937826210748138	0.808092572181408	-0.843097477241709	-0.693526278725181	-0.913779510924356
ENSG00000126767	ELK1	-0.0805810055012919	0.685368982624195	0.191858551853496	-0.87844080650808	0.0912444287687112	0.432341509944134	-0.189356120810996	0.366668972789675	-0.30217302054422	-0.0981989590982505	0.723763328633959	-0.968023654001878	-0.941611072628061	-0.424373860291431	0.361902512719673	-0.0863081275093072	0.251442277695875	1.25526242236585	-1.40434628608766	-0.0151351370894566	0.284390177308538	-0.282177612493497	0.342876475749146	-0.212647844749632	0.404740124538668	-0.493881484838378	0.921631239629943	-0.0603275400275013	0.491319475190124	-0.0785529964531712
ENSG00000102001	CACNA1F	-0.00723568380090593	-0.412198690246	-0.187953782848354	0.0182499804046146	-0.227045301183193	0.166846746774016	0.532478362192141	-0.0554372433328174	0.0595695160774935	-0.178063115630562	0.285509821609543	-0.366228275246203	-0.139000351721012	-0.445229485950245	0.554850302537879	-0.428547963269131	0.572649186151448	-0.348371008106703	-0.226367421628831	-0.154334843271751	-0.142768131122281	0.0885588805397707	-0.139338941096033	1.14012060135037	0.637223517134479	-0.0121693710294941	-0.0303246161415669	0.244525374540934	-0.158242537200233	-0.0560716393096426
