ensg	symbol	Adipose_Tissue	Adrenal_Gland	Bladder	Blood	Blood_Vessel	Brain	Breast	Cervix_Uteri	Colon	Esophagus	Fallopian_Tube	Heart	Kidney	Liver	Lung	Muscle	Nerve	Ovary	Pancreas	Pituitary	Prostate	Salivary_Gland	Skin	Small_Intestine	Spleen	Stomach	Testis	Thyroid	Uterus	Vagina
ENSG00000175206	NPPA	2.23206399380244	1.6290838397663	1.39534197920007	1.61031061668614	2.15504958328181	1.90518738712248	2.22647796968912	1.71316020511305	2.08402358203153	1.98018475282986	1.75664972766627	5.04585987915276	1.2861416295538	1.41496168137782	2.61648935661557	1.84728340711493	2.43432150966798	2.14267728106843	1.22671989156531	2.86095933436338	2.72217769807871	1.73561231900042	1.90856661057306	2.1658925402248	2.30481877621874	1.59419559220699	3.81594612292288	2.36379530290824	2.22080711912478	2.30280424205194
ENSG00000177606	JUN	5.67165129389193	5.45328739246043	5.6724253419715	4.05413409883086	5.67055153179894	5.34188350434862	5.66601017531995	5.6724253419715	5.66756629991308	5.65788199164963	5.6724253419715	5.48748222118536	5.5448713424726	5.37615244633598	5.6724253419715	5.6286951193815	5.6724253419715	5.6724253419715	5.64921282507586	5.59983308899557	5.66960108488401	5.67000428427914	5.66804800716139	5.6685466924471	5.41417433022893	5.6724253419715	5.33565311207148	5.66517481736931	5.6724253419715	5.66745620789203
ENSG00000065135	GNAI3	3.17640367273987	2.38161315989891	2.93197244285088	3.12418558831607	3.15707440441442	1.84477527958723	3.01813215693265	3.1717566655841	2.76724419031466	3.08606140327677	2.96654660654847	1.43512242559821	2.03029398619818	1.85176351407794	2.97021164795394	1.2509493097098	3.13880590779598	2.89196433551497	1.6899039394137	2.41438044478851	2.65143865031819	2.69356630081444	3.74297655094521	2.61010715835757	2.85726246602418	2.26971419165695	2.61034485474348	2.71466519081186	3.1811298727442	3.4082638679284
ENSG00000131791	PRKAB2	4.21598734061826	4.08269948077038	5.1645913081982	2.07948799619895	5.3427661478755	3.62715257546091	4.25326299768942	5.20419385412748	5.00925455016081	4.54516234310955	5.0052416270007	3.7858667026232	3.35866289282889	4.58545517404093	4.52821006329795	5.61801669255597	5.17109726363563	4.73560866227423	3.97429598674272	3.919242427696	4.52029922607496	3.85728390550456	4.72192053466811	4.72803951942001	4.07425468722644	4.68575829427103	3.96154489663209	4.02731384350167	5.46157818939677	4.89899418302042
ENSG00000162728	KCNJ9	0.141083800775303	0.11734454038404	0.0681056527880276	0.0657826479523797	0.246962103266913	5.19819492119268	0.127128630258967	0.0660409186144649	0.348654340022161	0.124526360894435	0.151666479620724	0.0845145503410548	0.113016377933609	0.0570825618814083	0.114943048193178	0.0591082078209434	0.459946541465703	0.142205541953829	0.0495200834949795	2.13543777546634	0.139348437695904	0.0916051918487448	0.217105760298054	0.201556454054244	0.0716653249701622	0.16384056976638	1.09462419290367	0.129593622657111	0.102877349438666	0.161188366326229
ENSG00000116711	PLA2G4A	3.35548377353562	3.48989820857237	4.84399295891245	2.19645864822493	3.13019887602721	1.47394712779198	3.01794993806639	4.00426122934777	3.95732223586835	2.96812965774128	4.18200102273589	1.91363769386391	2.49435603347859	0.699754730146635	3.58833457786103	0.564528609918289	3.09265657147768	3.12058449584699	1.757342764823	2.33955269970422	3.6775035790104	3.42332426010029	3.35157818944882	3.24371320087251	2.76436049164994	2.67677865163742	2.47095141733209	2.79532112333039	4.05818590749544	4.23380337462333
ENSG00000116741	RGS2	5.20782612589965	5.65874162951336	5.6724253419715	5.15984767306993	5.59104733571299	4.54904307279723	5.29406898620647	5.41822834846751	5.50440514950485	5.43994527623516	5.46355030261509	4.15519617735031	4.79062338494469	3.66618476229664	5.66815598762394	2.3165477627412	5.51723823796853	5.61903605105229	4.94801750945602	5.66651045190472	5.65145040567445	4.75275321913766	4.73791895589216	5.63243695184494	5.6724253419715	5.35850463763698	4.79314867478483	4.72841237124925	5.6724253419715	5.376037411049
ENSG00000081248	CACNA1S	0.133488771912333	0.0247350769260378	0.0889229428622422	0.107850252725239	0.429526363635584	0.306878375144998	0.0899169228350769	0.0216583358945011	0.11072912582201	0.093982661993874	0.0351543401630064	0.075677904273259	0.21708985974897	0.0291887906869884	0.306889232964685	5.61420983156768	0.147229779735991	0.0773879504666722	0.0322813538517977	0.0410048998046018	0.225408637434231	0.792002785532631	0.0882985344432555	0.101851462680946	0.0950551279706818	0.07416169677221	0.440010604297463	0.108603784059276	0.0737096138227995	0.0893685112541254
ENSG00000077157	PPP1R12B	4.58045932120292	2.61342046379817	5.53664536050999	2.28651671252124	5.65954712874675	3.4407551026456	4.61319750541013	5.20306856088156	5.2811304061053	5.02362443392392	5.54916906849418	5.22387257009887	2.93520234281386	2.25233537024275	4.7393043743981	5.14844129729331	5.29336019936287	5.20433503022401	1.94490346898962	3.33239401059992	5.36064353389169	4.02599963259811	3.39661398378774	4.50526438981744	4.32314214620683	4.39725722925579	3.55340532772963	4.12994115502701	5.67161329798809	4.62071981966852
ENSG00000138031	ADCY3	5.59382001301469	3.19983542079772	4.87228171536909	2.74634135930448	5.1366811440988	3.78746603773761	5.541259474472	5.53371587350491	4.19370356870069	4.6245814444409	5.54533045051586	3.31976413657354	2.97537959499655	1.31010274514955	5.16240911542669	2.60957725507263	5.66963747988482	5.55930690747747	2.36195259905141	4.72216459272072	4.78731146475349	3.93172292791253	4.93486193482462	4.57853597746703	4.08563054161115	3.81046811531559	3.22257768393285	5.05267858637562	5.63217495334186	5.0932598719382
ENSG00000162989	KCNJ3	0.181391239619686	0.312224419207536	0.715948394026563	0.0369123443756161	2.71046048748727	2.91840978507028	0.171517760208445	1.02578033418162	0.448751704938133	0.719193457358278	0.844436322249774	1.97838873962894	1.9293172019598	0.684201641547681	0.169227209611885	0.147675875947918	1.56980961673294	0.259015945183509	0.648942437281168	3.83568196266036	1.58190840352693	0.0267246468128545	0.0984791646100322	1.79644802713734	0.676359523563225	0.523054744975738	0.464254734526744	0.100573000319812	0.359417608981668	1.0657743413333
ENSG00000115592	PRKAG3	0.108172911505702	0.0325639097273751	0.154733088628598	0.0740809256981205	0.478867497155707	0.152484048548536	0.108902082091213	0.0965462833421969	0.076525947785252	0.102731637994377	0.0716244889540294	0.271247319337002	0.027566174215644	0.0782131135938866	0.131358052898443	4.59878881394737	0.229541599386796	0.0700364079915136	0.0161041728115364	0.144610513155222	0.376593790239238	0.642141323174538	0.255732716760184	0.0712809372740441	0.0424702000212504	0.0440501834812051	0.391587024860874	0.0817963335483099	0.0656710768728831	0.147321349670857
ENSG00000180914	OXTR	0.355756990793856	0.377314025596163	0.427809731258634	0.803417719049253	0.995834504507719	1.96413062355058	3.03287138364955	0.860950125050734	0.473232723512492	0.864936240108751	1.12188904701967	0.419191407641675	0.518899963465841	0.17212702997604	0.920931392482828	0.247596190016929	0.925415322707598	1.54933801171344	0.171450180837461	0.720787111644571	1.30181311281782	0.419830412529513	0.814554513603825	0.494476247962761	0.748488398920084	0.362871133210777	0.82973014772204	0.705900591348693	1.40012001838055	0.544038960670052
ENSG00000132155	RAF1	5.6694079345037	5.57561798590319	5.6724253419715	5.62452131648744	5.6724253419715	5.04334746827996	5.67072493797595	5.6724253419715	5.6576091028091	5.66607480521186	5.6724253419715	5.41499549976382	5.3243489622731	5.52192682604771	5.6724253419715	5.6724253419715	5.6724253419715	5.6724253419715	5.20158665696026	5.65182287307181	5.67196688552861	5.65427967057168	5.6724253419715	5.67084269836085	5.67142199951916	5.66299493359906	5.66822204949609	5.67182186752439	5.6724253419715	5.67222925004575
ENSG00000114353	GNAI2	5.6724253419715	5.64819967591141	5.6724253419715	5.66756217636974	5.6724253419715	5.54144946300214	5.6724253419715	5.6724253419715	5.54927386968981	5.65628897428131	5.6724253419715	5.38627926782678	5.33075559020827	5.27922556643481	5.6724253419715	4.60128519092175	5.6724253419715	5.6724253419715	4.12074931075617	5.67241934095569	5.67028819587687	5.49943174297537	5.63885385281359	5.60390714505828	5.6724253419715	5.19635155231231	5.66849262900117	5.67056475640132	5.6724253419715	5.67138220415074
ENSG00000007402	CACNA2D2	1.45103593934271	0.620780958638714	1.44949683319966	1.03009891304009	1.91328768336459	3.15044901620124	1.85033865533761	2.38613316988806	1.79920337577539	1.50401520292488	2.17048656280999	2.03854932550012	2.04383882447669	0.451319834598965	4.796361464623	1.08186657523589	1.64478610952267	2.70947871881312	1.3146446494193	4.17525180444417	2.4560654555701	1.7892248641691	1.53312749953663	1.84161767505101	1.6753991734294	2.45153580870789	3.98737494169215	2.46668479764812	2.5815546371219	1.72583189462111
ENSG00000157445	CACNA2D3	1.33629291846003	0.913347297189433	1.0475948855372	0.557963874193324	1.62822543678328	3.04255891812357	1.13166301043649	1.60660781083815	1.76434534174717	2.05700392777494	1.64919876570544	2.98421297685374	1.57406884350229	0.0585366927968539	2.07848810188496	3.16076496905289	1.84631213382041	2.64496786948834	0.13575809889905	2.52599765958498	2.12146698712452	1.01115945316072	0.936319072753949	1.09246330574233	1.39073395238992	1.60250325518129	3.603652303434	1.58093181793309	1.09635005581768	2.43764932988002
ENSG00000065534	MYLK	4.91512705117798	3.0134403087045	5.64708647019913	0.681458364814047	5.65379254155332	2.95369766269302	5.06643653480695	5.44569173141565	5.35922303478761	5.11415169266511	5.6724253419715	2.32331600995261	3.54604408876697	3.28107312992325	5.57461682892058	1.74334735902144	4.18758745870468	5.25787355757541	1.58968566760057	2.26399535613724	5.45766026685444	4.18422125766708	3.87584646185407	4.74721927357902	4.81939665085691	4.45339277714313	4.36181016269502	4.1622691778695	5.67085355224402	4.93147467457937
ENSG00000004468	CD38	2.38460935822908	2.06695502082856	1.23698103441443	2.71614065968745	1.75763422943604	1.87410065172579	1.78079331436217	1.16124295859824	1.36054202894625	1.49894216639678	2.02109831039154	1.83822964241407	0.846801688858975	1.32347484343679	2.89564521966524	2.14878642971619	2.37223434753176	0.551146171237555	0.313680144660208	2.16878551818028	2.85308918174732	1.64211615340748	0.28247032047791	3.05285915644421	4.76294655704638	1.12292034328882	0.900431958549275	2.47514915492724	0.652678648423714	1.06628496520475
ENSG00000078295	ADCY2	1.24669068944915	0.735774166667911	1.8563269025114	0.0546974379916572	1.93013758322451	4.16153351601409	1.78888808980207	2.63359222704982	1.9839891292515	1.63118144743612	2.23560673975834	0.230303005226575	0.292788605328614	0.0231079812341383	0.603995329610804	4.65528965000432	1.84092110408826	2.48295834153478	0.196718313718664	3.51857216957364	3.09043287862318	1.5639550013471	1.89684355873717	1.1279711930698	0.221417076480657	1.43481063227632	2.37407890073922	0.735145650374388	2.86562541513975	2.51597469605116
ENSG00000081189	MEF2C	4.1117333421274	3.53128975136716	3.54102592357724	2.31911360010083	4.84415391282041	3.06028351945753	3.87264853111948	3.64588847575144	3.11128704211595	2.68935174010743	3.5760339513164	2.63627185279562	2.00646504615742	1.07272950467666	3.75055553915146	4.9406189992549	3.50981051765194	4.14819323008966	0.923986365334027	3.01972735691057	2.96598517423516	2.61478094518315	1.79732787479615	3.14776424162862	4.02198079471292	2.08751894444608	2.28958547378436	4.03443119045061	4.22125115780839	2.91011410621577
ENSG00000145949	MYLK4	1.40186683222356	0.750436599937065	1.1954574143636	0.242535630653711	1.59098430174422	0.939626050845446	1.60337891472122	1.30183311855663	0.851898670189782	1.14658256096557	1.21991115603818	0.92678508080219	1.41296595396624	0.469130389306902	1.7579822020698	2.5699778793405	1.6393259701521	0.969030994539632	0.645317805934164	1.89108488039907	1.41411218813961	1.97246974277142	1.50155988794484	1.11438646974317	1.16292466498829	0.741654848334627	1.18451352033742	1.61062517763408	1.3649134336375	1.49821693615058
ENSG00000096433	ITPR3	4.98156785136616	4.28320002543405	4.75161662140793	3.05008502525518	3.84466263482802	2.42012838495058	4.98472856883315	5.29617367448437	4.94952086414486	4.78228142822215	5.27829033630111	3.4836052622812	4.0680423758786	1.60828729428455	5.64013776330099	2.37294179909801	5.6722911233866	5.02397411621208	3.36465506256884	4.21203378841004	5.00967870197378	5.05594050312573	5.60121117066289	5.49949436882508	5.64805378911648	5.09495764993614	5.39238328158248	5.667096973079	4.78454409591599	5.53100259281754
ENSG00000124762	CDKN1A	5.6681892713959	5.49505130620404	5.6724253419715	4.74944170731237	5.67233776450716	3.87471868400261	5.66356026882857	5.63879363984339	5.59912314401238	5.62709405542019	5.6724253419715	5.34498154073572	5.26793425747034	5.27958331634615	5.6724253419715	5.37304692008924	5.6724253419715	5.6724253419715	5.16043451014406	5.64811933206519	5.60358550590637	5.49198660349392	5.6724253419715	5.60027179563995	5.21333487261296	5.54599954952413	5.59485908464088	5.64694521899494	5.61096837429107	5.6724253419715
ENSG00000075624	ACTB	5.6724253419715	5.6724253419715	5.6724253419715	5.6724253419715	5.6724253419715	5.6724253419715	5.6724253419715	5.6724253419715	5.6724253419715	5.6724253419715	5.6724253419715	5.6724253419715	5.6724253419715	5.6724253419715	5.6724253419715	5.6724253419715	5.6724253419715	5.6724253419715	5.6724253419715	5.6724253419715	5.6724253419715	5.6724253419715	5.6724253419715	5.6724253419715	5.6724253419715	5.6724253419715	5.6724253419715	5.6724253419715	5.6724253419715	5.6724253419715
ENSG00000058404	CAMK2B	0.400466545007753	0.887286977516927	0.160293826655944	0.16804785722086	0.873217499721202	5.22815952073895	0.95850989363045	0.217234774736451	0.784178588299351	0.644826637405435	0.623999507198339	4.51422291132807	0.876263140177916	1.79282339113456	0.392144904852638	5.18986166062017	3.82057336560454	0.395410797683997	0.94833121959537	5.39574092383771	1.70344448650994	0.728153992924987	0.69946767027653	0.634014697449094	0.409992985280085	1.26278977978811	1.86156213489018	4.74010363819009	0.288297511511763	0.39225107128271
ENSG00000164742	ADCY1	1.80754421931124	1.03149379817566	1.02403778631075	0.161767462795068	1.43566578823308	3.84266771263965	1.71239866914769	2.34760074114584	0.585181094322641	0.783437513921391	2.17188158287593	1.22430327431168	1.23773651135395	3.68502175820492	0.988523869703061	1.34467651621336	1.8537854159241	1.22927386815259	1.24461399862996	2.19027485926575	1.66692116319193	0.434102915394766	0.494337575982915	0.526084778154322	1.7872817527465	0.940167507908966	2.29060685840108	2.32593229969127	1.56130106896823	1.38034953950728
ENSG00000146648	EGFR	4.99133899749616	3.85985454404719	4.49848924560889	0.142103098823296	4.77450890669784	2.48405168874168	5.00274951853413	4.94027494514232	4.17482369663424	4.96498407877854	4.86083623386216	2.32961482960721	2.87679943343296	4.16743586243306	4.51179964578105	2.98254039628984	5.36228912177328	4.42631021122077	2.98563277382822	2.46676909795327	4.77361650853374	4.93514478806084	5.63471105274044	3.81670831255811	2.86101091489755	3.74627053780985	2.79879682682639	4.67162262406316	4.52990904384464	5.31650074802945
ENSG00000153956	CACNA2D1	3.47422989278711	3.48423444355786	3.57726689785771	0.0688897383781242	4.01004479194444	3.3417390963125	2.88863443811272	3.2009114169826	3.60112955193341	2.84261170381969	3.22646421972138	3.0308534375922	1.77933259542043	0.530141537618425	2.72390835329677	5.12282515504092	3.29288448637889	3.44556695496337	0.588598563699461	3.68367699432992	3.16595759377924	2.1106638577368	2.80383006250767	2.22014688639562	2.14193815134278	2.47532933575208	2.37873023786426	3.97629412207708	3.63286763431356	2.80988795896925
ENSG00000105851	PIK3CG	1.17992198327386	0.535755770406968	0.818032760853077	2.92665957355191	0.71007750688349	0.214156572722777	0.882198865211958	0.651210890398476	0.839060070537194	0.50616040637289	0.783339329851819	0.279011678122408	0.384260807079129	0.230994500551825	1.73561267468958	0.115177802964242	0.765839217077498	0.674228688401216	0.194911114379915	0.446876421331685	0.624166204113365	0.88116993070333	0.277846624913445	1.86516191073599	2.78990961017759	0.721923342090011	2.58086607959373	1.00097786283693	0.718115263721864	0.571155247971039
ENSG00000164867	NOS3	4.17674764316561	2.70604367747602	3.53598130028109	0.376609889969943	2.95781174140628	1.93345743784278	4.06840630826432	3.63992590413631	2.78167869330691	3.00505892507842	3.77547113779794	3.17445804847297	2.93358600764111	1.5799294733809	3.91924334349441	1.6118606404575	4.08584631129155	2.43320294468582	1.33630033282094	3.28291682493654	3.36686603613128	2.54731936239727	2.05329213381965	3.06124974011734	5.61097634864288	2.57460637692995	3.74902928987326	3.92911289621922	4.15322654182833	3.45206496374629
ENSG00000155897	ADCY8	0.0834946681509937	0.0308390460914287	0.0132289846967476	0.00764788547545889	0.0185999024617222	2.51726608530152	0.126752745100152	0.265837469990381	0.0214436335342123	0.0584778398550562	1.46938106451833	0.0276733510477022	0.0719904040165346	0.01653864438729	0.310517813172098	0.0969713544469898	0.236038397762962	0.0872874522089005	0.00512031434787323	0.0623196859833641	0.0424540733618622	0.15797627158275	1.14277964075249	0.0253630755663989	0.00416444666510195	0.0729997125884077	0.987101591185751	0.0201196724483281	0.0293930744943036	0.072348534203561
ENSG00000159899	NPR2	4.74343093884172	3.80164681250044	4.90097014117628	0.863422383593819	5.39214546612953	3.55106601167574	4.56482089917357	5.46151253819467	4.64294320367615	4.10723438589312	5.40668759789728	3.52159634516348	3.18692498420734	2.86581467565694	4.60792688530209	3.53241788216114	5.37976231677149	4.67987155628043	1.7951626555857	5.08329536575033	4.74339224072281	3.44508320762293	4.32081949560733	3.9402033835041	3.46451182110373	3.54665265336031	4.11750032377666	4.18454782049539	5.58605370083365	4.89168351075941
ENSG00000165059	PRKACG	0.0186766733502222	0.0189885729604199	0.0421911554142152	0.0214453934741907	0.0253639098418725	0.021634882370647	0.0446019575545121	0.0394762850906971	0.0301454441729957	0.0166732461108573	0.0354143508773191	0.0112205560757165	0.0152154875224096	0.012033192046253	0.0309557598643694	0.0160179050562785	0.0234978371340941	0.0306755865086809	0.0204433150916835	0.028336856215281	0.0640565297795086	0.0206953728743459	0.0166788993173598	0.0379259047511697	0.0257375856555265	0.0222144249239853	5.3361680363839	0.0274527155782077	0.0306730269677197	0.0246993183844014
ENSG00000188386	PPP3R2	0.0366660585217572	0.0215229941515657	0.0387725670972062	0.0306172285513014	0.0740944798370922	0.0289321364731166	0.0665802167241489	0.041838711824856	0.0392947483100437	0.0319225042894079	0.0498016184086104	0.0168648787749252	0.0195572712749459	0.0238642341800303	0.0337918040072673	0.0800919789537533	0.0641681741075526	0.0399188849817953	0.0100098515186305	0.0286170231897693	0.107523074476181	0.0309481461804863	0.0304172216563732	0.0462503922680753	0.0454344615269523	0.0248630643978294	5.49948473191414	0.043601427608086	0.0393582099448931	0.0297140185943818
ENSG00000178372	CALML5	1.10873596008306	0.559956716358848	0.35237911218365	0.650501637295049	1.05862312535384	0.537429611694283	2.2822209531322	1.15843610652481	0.774712647399803	2.5752230457913	0.449629047946234	0.675955982610733	0.348631813097964	0.529249215986076	0.855201931422167	0.837157974173036	1.16629396972884	0.771001379893322	0.551970525765936	0.689990393780621	0.833867032701889	5.59543713494291	4.36247931602995	0.767418525341757	0.570377740580118	0.753879709331818	0.870923587505118	0.858114949876891	0.801252838738394	4.17766924900795
ENSG00000178363	CALML3	0.232689166463482	0.115191692990105	0.21538694706172	0.101073342728336	0.285783370928358	0.239222072143345	0.855527728296822	1.08971245477632	0.148482743059821	2.42781997657316	0.270816254305937	0.0940438002697481	2.15204261220603	0.523356792198057	0.145385181175882	0.134245178201352	0.180282946839065	0.249051115966043	0.110194490808427	0.297552487912208	1.68285306438708	4.64822835168215	4.0303309499757	0.208489291752717	0.138040572945319	0.180686662834267	1.82469515286613	0.233538947200669	0.21425481283305	4.45101188937851
ENSG00000149782	PLCB3	4.47813793865563	4.71603972647495	4.76869824352276	2.81088166006325	4.9319062759642	2.89052522459696	4.39770048662426	5.36917695023564	4.61198917619247	4.94727193336895	5.21720533370556	3.03955991047104	3.5399329973396	2.39120085916111	5.0468541513061	2.58264994500772	4.77134709555309	5.0685978271873	2.72041545122369	3.53736284388903	4.72733262238504	4.35881758663044	4.9294989853385	5.30001909705495	4.66921246520179	4.1013743139569	4.48706601936768	4.58440412472524	5.36602238189737	5.22744304161925
ENSG00000172531	PPP1CA	5.65854490881863	5.655222148935	5.65810164830706	5.60502272888435	5.56859964069648	5.29215885948757	5.65710393063254	5.52185897350922	5.657169799515	5.62465535202545	5.57189203916501	5.31699699688021	5.61536715684649	5.52377889520413	5.66710656711169	5.61384912472691	5.67109955183573	5.42769875237456	5.41074322224194	5.67094166336119	5.66565391490108	5.6724253419715	5.67240923011652	5.67211670294553	5.6724253419715	5.65637308673374	5.56525876281172	5.67219063922698	5.61682645971014	5.66155409004712
ENSG00000152402	GUCY1A2	2.48689188000016	1.29202943707525	1.09798744676702	0.0132802934550839	1.44806673616732	2.01326643992441	2.07089364920974	3.75635125360014	0.901897713200478	1.04409490992702	3.67939478994554	1.06534319054972	1.06555426262674	0.477743085450032	3.14584173412828	1.28528342063246	1.84261322508826	1.52479242770369	1.2489596818521	0.887148883956188	1.66170425144504	0.950580719011782	0.824631049849303	0.655902673123581	1.93088037745228	0.543209405682507	1.22218155669183	1.63016958677011	4.03665113182613	2.35987249446653
ENSG00000120457	KCNJ5	1.2073475731378	5.41013713003694	0.534935949988001	0.0497260866475909	0.757433679102466	0.659831593876324	0.907209763098805	0.381401727368321	1.05542945744106	0.684006378651139	0.421675908340154	2.09724481967328	0.996211601659418	0.104082684542607	1.66741172061	0.10287758475899	0.892862911371117	0.978077589820805	3.14074754878778	4.47394477657139	1.08180613688709	1.27440809803004	0.370509165184221	0.587520217497291	3.39695704706583	0.936946871957824	0.994396814588803	1.00599356171111	0.365602250354345	0.730799012018445
ENSG00000151062	CACNA2D4	2.06716708841497	1.0796078220448	1.4560510599982	1.80777659415846	1.32064701558266	0.48369721698588	1.81085148304063	1.46041869163266	1.49248010110739	1.17781510307129	1.44559982437482	0.550523527237134	0.855528869310648	0.609150431384066	1.8811823492374	0.370444050385038	2.95353976743129	1.36139658479378	0.553751729943502	1.73237748234561	1.41016948978908	1.23613206676644	0.857228093598331	2.20138584269136	2.33909798438874	1.14186440457671	3.18963357222745	1.59897251986823	1.39794517516888	1.3355563826574
ENSG00000174233	ADCY6	5.46984274576122	4.56707498428459	4.94175148066647	0.619436500432383	5.5710872154342	3.64303859138622	5.42658197912954	5.47317760009239	5.17189025558462	4.72778360901468	5.4479116565453	5.17836244219519	4.47044834269431	3.25918769938305	5.11155312332907	3.435608465162	5.61770655429414	5.58183578329121	4.06763313910499	5.11378183271295	5.24346691136575	4.95028630536286	4.44168738562955	5.02580301911205	3.57966087729571	5.14485590240311	3.72717322095101	5.42533817305565	5.6173056047819	4.95246695855591
ENSG00000167535	CACNB3	3.62906716685946	1.99671974963319	4.33460819584752	1.30180754034881	3.97579532489075	4.47985481616274	3.6924518044655	5.43394392808921	4.35793678144512	4.53002620189814	4.92310826126469	1.96655386044429	3.07293170418063	0.82714276563822	4.23954690200617	1.2453797647177	4.23940580632933	5.58985546563004	1.4602953459888	4.05071697829255	4.37939321027622	3.86943856313111	3.83774406672731	3.81411639055004	3.04383968694937	3.10154382972635	3.66871438445357	4.02607517245092	5.49999808223287	4.91149194046737
ENSG00000196465	MYL6B	4.39769542999432	4.49542545492179	4.54039199490911	2.89862047222507	4.4454898962613	5.53654231528189	4.61801113795361	5.4765392363059	4.26731101146297	4.30313044224309	5.12138356239733	4.12961064507646	4.48109465015467	2.83737613781904	4.3629767732798	5.65363293282873	4.88495285943611	5.53408034928205	2.58774716676371	5.66851140665481	5.07192539802873	4.19914282756831	4.71503161751702	3.96075917523222	4.20623228971291	3.91934041581126	5.67218389512638	5.31028475628059	5.28929917890504	4.97334820838946
ENSG00000092841	MYL6	5.6724253419715	5.6724253419715	5.6724253419715	5.66997867407946	5.6724253419715	5.65473007167801	5.6724253419715	5.6724253419715	5.6724253419715	5.6724253419715	5.6724253419715	5.65478788424417	5.6724253419715	5.66763976651591	5.6724253419715	5.59717179010275	5.6724253419715	5.6724253419715	5.66667968533922	5.6724253419715	5.6724253419715	5.6724253419715	5.6724253419715	5.6724253419715	5.6724253419715	5.6724253419715	5.6724253419715	5.6724253419715	5.6724253419715	5.6724253419715
ENSG00000058272	PPP1R12A	5.26921968549111	4.05681048302657	5.60712460164188	4.30046678536898	5.65816982265367	3.85072159113853	5.25981746637784	5.56282186099169	5.35535306252352	5.33067871242341	5.64707469313172	3.65126254031356	3.47815597144524	2.8586714289953	5.44795160025794	4.02000456749844	5.5968379374301	5.35244354549615	2.80767903029406	4.59909972712357	5.3357975104208	4.62467435814522	5.09737857630309	5.05437332607298	5.0823533575944	4.55294385607018	5.05029311121541	5.38538310630169	5.67236940886159	5.34285131018824
ENSG00000111725	PRKAB1	4.65690770081018	4.67404338216847	4.87650540422432	3.84363088427862	4.63568317071705	3.60625282720001	4.82584433003002	4.91124085593303	4.88628958156571	4.75834538916919	4.83351216802405	2.87089739447687	5.39100853806865	3.39872183470299	5.12357255198234	3.32087871196631	5.00576695128475	4.6060178514846	3.7438323710234	4.6904961337638	4.62557151152157	4.63230698240804	4.18842490117588	5.0833059830045	5.36113824007199	5.12684586287771	5.34616322415321	5.07572101680229	4.81499396222633	4.6355543054684
ENSG00000129467	ADCY4	5.59196153448835	3.31507270439109	4.90137169592612	2.17582106901487	3.9932030479417	2.12022059846378	5.59242359377493	5.38780447426318	4.09926975844988	4.55461297497632	5.30066612733484	4.33357327278305	4.38239436570534	1.76824085755345	5.41609108079685	3.28151748924797	5.42887410317217	3.64310218161509	2.35869542299362	3.37731008760442	4.90852279679252	4.10237786175371	3.46612855152514	4.3194684686078	5.3258402761011	3.82659618292897	2.97850864762882	5.47435972643895	5.56413157448353	5.02914776819941
ENSG00000100968	NFATC4	5.15899590219207	4.99306750877231	5.57586814013227	0.673951905184927	5.532922241134	2.87627227633398	5.2696496532827	5.54915438599449	5.0733017664945	4.88316485195244	5.6255539333955	3.40234541624512	3.49476510853445	1.36499560616342	4.80177334867069	2.13964163522883	5.36413119365867	5.6724253419715	2.36595486123542	4.83147889902744	5.31052704348714	4.01189745176543	4.54211963743474	4.35492012355621	3.73937995929725	4.23340695767043	5.4257663912546	5.46231818549129	5.66571430894692	5.31011727497781
ENSG00000170345	FOS	5.64989436166104	5.4797145694079	5.6724253419715	4.94000179491449	5.65927478670374	4.94264200911315	5.64145242603431	5.571084208077	5.59653582769657	5.56219076127251	5.65916177650426	5.06888701016954	5.40199898855415	5.14447559762055	5.67120039853599	4.55267721874887	5.6724253419715	5.66979428325424	5.1292468757374	5.66794058290905	5.64162439806016	5.55102058437817	5.52966460645395	5.62276876564909	5.62707317001125	5.49353268259461	4.604821477008	5.61719795057428	5.39688788998403	5.65668343807773
ENSG00000198838	RYR3	1.15338398315265	0.738932996732447	1.88119228759455	0.0921742370573022	2.05630794915799	2.45835157759637	1.48429427694785	2.13585163714774	2.25729064170409	1.67150562173925	2.71188958954218	0.200061262524873	0.850723227770357	0.168237891716087	0.628359630157365	2.9491387677087	1.85253626812147	1.06561122311	0.191040814188495	1.2606828327196	1.3780661216291	0.739078136686821	0.834207390655205	1.11898184963176	0.853369252676332	1.07303503509482	1.74245228555371	0.712309429798403	3.37578591058029	1.72559141126138
ENSG00000137841	PLCB2	3.76451187815603	3.18681682543599	3.56493676749636	5.30409743220345	2.9502694385238	2.63286570448857	3.06846615363759	3.07064729839798	3.23088897757398	2.67530933152641	3.8098893983248	2.20718687614175	2.34370854755499	2.4006125778165	5.32941745096534	1.13007990885878	4.16948117821646	2.17328171888346	1.50761597713291	2.9992500900789	3.33863767727244	3.19048461085152	1.50611833466648	4.57078333350398	5.6724253419715	2.75646706663781	2.6769896726448	3.10543556669181	2.9672361345694	2.95705567819849
ENSG00000243708	PLA2G4B	4.80979398404353	4.10366389401895	5.30942654758906	4.04342130651588	4.77486381425039	4.43785034190036	5.13013369688112	5.6353839095465	4.82948955880515	5.17413090898038	5.4785848892055	3.54440695302877	4.51147255547228	4.16426778574611	5.44237645461217	3.12500631188907	5.54074761098333	5.63134784181979	4.33391629045009	5.61484999680407	5.58430385454651	5.4289508095955	4.88910254317556	5.05095832801636	5.45729758849574	4.70921810957412	5.29416416207244	5.6491056110233	5.415603533722	5.62405589538696
ENSG00000188089	PLA2G4E	0.0603062888129176	0.121796905285043	0.0874491452910757	0.0824813714156849	0.0575448009971721	0.0916269637687672	0.0524927897491775	0.436754454730287	0.073991276542416	0.965296575149854	0.149531065460572	0.0969257402301724	0.0325673886627592	0.0820266213324355	0.595991269878714	0.454175654811151	0.0683818496529391	0.0456818310127477	0.047824839269711	0.403770561626268	0.199548911771401	0.813555075936724	4.01651513298715	0.0934949307685821	0.0224541905575874	0.0422185658165043	1.32925083440806	0.0884569634770219	0.0424186027067692	1.90163597658736
ENSG00000159337	PLA2G4D	0.0450196574382838	0.509996909466637	0.423485572831354	0.018475335088452	0.0299381560952272	0.220946080880862	0.0628276660707769	0.673133543393857	0.109281036137307	0.628995511159877	0.0323361795483277	0.0147914427193272	0.0404526693126763	0.0367923347595594	0.176132644978984	0.0331717758779386	0.0371047142840571	0.0493412102096248	0.0408830071645533	1.64968839106546	1.49030717901077	0.618372185386275	3.57721245596092	0.156309112674899	0.0143280793841701	0.149138106496303	0.366810401216777	0.0583858751503259	0.0489544606609776	3.10850754888293
ENSG00000168907	PLA2G4F	0.127699700300562	0.0481321603212154	1.83604403748872	0.058333006571729	0.108494029107744	0.171343029420677	0.843505843266587	0.829305164191345	1.61721642006447	1.59833488458522	0.233377337581272	0.473013952082186	3.67766804961502	0.0508478632145774	3.324669484212	2.34410025230929	0.119816048927667	0.12278384177617	0.269343775613006	2.57227009051633	3.61474750983408	2.64080653229154	4.07989979137806	2.34410024070832	0.0487603182500246	2.02709861611883	0.239140571096211	2.7465726867311	0.0976055065731321	3.84622992308933
ENSG00000162104	ADCY9	3.5492969655694	3.13027260344084	4.2592427218667	1.04405527760125	5.08142305618377	2.85494339280851	3.60500287381234	4.18408021098899	3.82381676128505	3.80691953726092	4.37561845875538	3.22976498143136	2.87321704613271	3.18708268193882	4.55968732453399	4.97857991106573	4.38784956110696	4.34939711890196	3.19800033346702	3.45963126506644	3.22550207198212	3.39725675797202	3.53027178977373	3.57573000802085	2.83819240340579	3.06997179422783	3.22326358902671	5.21712128034438	4.32152612469566	3.69003293476934
ENSG00000103319	EEF2K	4.96731799766153	3.51645439470335	5.09521728704916	2.01021510423768	5.06552204291618	3.03268637906436	5.01166313511394	5.23132135068032	4.72747075063286	4.20608722264416	5.00583470050407	3.01066412405404	2.33832893109315	2.73386853106446	4.39262583711959	4.20361304866311	5.31710566446232	4.30852741259936	3.39154312967403	3.54108435466454	5.23530470607675	4.71104216840553	5.21242180067487	3.95454886189188	3.94997505227247	3.88439814203049	2.86257527870087	4.02243192437514	5.17337119411161	4.99520084500065
ENSG00000006116	CACNG3	0.0212942256007297	0.239677377774365	0.0125646853925913	0.0538736858777387	0.0225466860886407	3.57820179205821	0.0213683614600831	0.0125476792739228	0.0260360284381002	0.0227422505074119	0.00515829056291099	0.0183937418228848	0.0175319431023909	0.0182590143885836	0.0383622239613926	0.0226389378924809	0.0283649658229655	0.0226438940582864	0.0330171563534352	0.054078225384475	0.0214031625055555	0.0122938627462532	0.0259956532482252	0.0254085366738558	0.032412057776191	0.0157386334642752	0.689718013344809	0.0346139998807918	0.0317711195297351	0.0316038141985713
ENSG00000102882	MAPK3	5.66553991899788	5.41770817918328	5.65755760010984	5.3810433481768	5.66280371768648	5.58082592851544	5.66543249697525	5.6724253419715	5.63022806635087	5.5910629994873	5.6724253419715	4.59735583872408	4.76623550224573	3.10599605414361	5.66538727222572	4.31369624470546	5.67216083270991	5.671867114738	3.45636786065325	5.59249101566067	5.51206040663368	5.35614464438552	5.63005497321814	5.65310938535329	5.55241818667169	5.31973510876844	5.51075812812532	5.65676592610917	5.67134382427245	5.67208363792971
ENSG00000140795	MYLK3	0.131768795658495	0.233422473102668	0.19377497313217	0.220368912047069	0.428922735148672	0.545037458701804	0.168090419786133	0.435286437953852	0.178041546609622	0.215358220081048	0.962176686938794	4.86845555395125	0.992426351078838	0.0981071767424712	0.43283734336498	2.93216381602165	0.399276789785145	0.630108776602947	0.104493149091887	0.771999800140684	0.343259018242961	0.890443659942861	0.0979067732975614	0.149346291839243	0.203832433505789	0.155559166975161	3.66518044510803	0.148540573281129	0.521378791287875	0.203168648382997
ENSG00000121281	ADCY7	2.58485967613761	1.85700208478107	2.04244668751015	3.77177547663495	2.50618436239226	1.03492496881574	2.02231015377349	1.96509701672084	2.08641117471175	2.66780767202166	2.52120536981339	1.49210323489344	1.07780131985893	0.907659653588629	4.11304560685488	0.696565388168309	3.03018676645877	3.9619866550196	0.917885782821517	1.753761211443	1.67697326365735	2.37553434669959	3.48964203850556	3.15501881778622	4.27967392815836	1.71502227207847	1.18088461406774	2.08108588035531	1.81140757700625	2.74196536550325
ENSG00000087258	GNAO1	1.4703631643247	1.33484231485283	2.83362210795953	0.395696358425251	2.54591212088877	5.4771680169592	1.02724778840515	1.81558615943408	4.24341834107501	1.96978670063313	2.37339426560293	2.80249211096293	0.849243789463334	2.70741781922933	0.919351512657946	0.591307416995104	1.81651727292202	1.33802151016364	0.816670697854343	5.25567999927071	2.65482008679926	1.3643695007193	0.967658086555274	2.66276476454466	1.17331405809201	2.60692119559355	3.73298671234717	1.80039522468753	2.78496332368018	1.82733411978477
ENSG00000072736	NFATC3	3.22504213788212	2.42184739266753	3.26776167437616	2.8737255485663	3.41920922128397	1.60650757530284	3.09366659599883	3.29497168166507	2.80508738833372	2.78990927979179	3.39841508697191	1.7960169645246	2.08930525947554	1.90109028088345	3.43685702190879	3.67655643342133	3.86797282018043	3.28917607133296	1.4389374766523	2.44918466138402	2.83431752043048	2.77485477463123	3.24103596609886	3.10209570957384	3.14118836662304	2.27803923475036	4.66923009121445	3.35023647832537	3.43728053446504	3.07446470256259
ENSG00000141506	PIK3R5	3.07124369340711	2.56414770212278	2.44886871433147	5.32136880650082	2.18226029434195	0.800329347911824	2.25122604696726	1.7002886676086	2.09546593169372	1.70787087968757	2.51130045649077	1.10188230946118	1.23221300947987	1.30129384090457	4.75984888137078	0.522312593099196	2.68972443357971	1.20215384431259	0.860830328504623	1.34354153999775	1.84156780708386	1.89822154939105	1.14320026739424	3.60382075546302	5.28941058297046	1.79154379106446	2.68664152430334	1.91667445262963	1.66162334169758	1.77758229488796
ENSG00000166484	MAPK7	4.64991489052877	4.77329157614995	4.93902516415047	3.65727430614192	5.19060364950517	2.94555366061988	4.69846526453079	5.37621926219472	4.73837585076056	4.92679723510536	5.0655026373372	2.94798395526112	3.6843165625937	2.34239006969508	4.9870776273745	2.58355132477053	5.30036873277939	5.2600706544089	2.43656482961678	4.34196956698411	4.69505870207391	4.15815518456263	5.03166697087655	4.55965411603738	4.85552426673427	3.92854593757101	5.22649752766195	4.78641590896789	5.34811055927872	5.39972693576849
ENSG00000184185	KCNJ12	1.42131820356742	0.658209125585962	1.16034207368453	0.192962875721551	0.896503535989615	2.31022864871626	1.25440582905022	1.71723678125068	1.26609110666807	0.836429420743653	1.90496964538352	2.36213346639867	1.17780909700847	0.152693319481417	2.16137586344128	4.56647838439495	1.05330160962437	0.85188023644556	0.201900691841148	1.24369168381984	0.855443268644988	0.828733931393575	1.82148492380878	0.743232910035711	1.49512521771292	1.25840120565549	1.36654259666376	1.74178468538067	1.26638857974046	0.956750370611115
ENSG00000075429	CACNG5	0.00488592941762917	0.00611650401847536	0.00758642963820379	0.00230544741972929	0.00516557912294477	0.480710806480189	0.00270925991853044	0.0127988522105081	0.0335449569771371	0.00435997151743463	0	0.00267813852450531	0.0228051193044162	0.00450472626595626	0.00426256916966826	0.00354698677522571	0.0106269107626187	0.0168045573368442	0.114159342064908	0.250953457327164	0.0136031531681731	0.0044138115253063	0.00322668172570842	0.0261757091381673	0.0778391775260694	0.00747108063507893	0.199187843711101	0.0236670673119331	0.0255239044357079	0.0101767995288774
ENSG00000075461	CACNG4	0.380813345101352	0.322636347740186	0.735433237166899	0.0724652176489727	0.0871314761164064	4.40651225562091	2.11448981349637	0.881362353621575	0.774463829499767	0.944486443344216	1.3065944867985	0.189783201026302	0.238369751707835	0.0579395995577607	3.32317434457008	0.158699721550536	0.590416468553545	0.293469966022637	0.353898644047913	0.535944818624788	3.38384036065844	1.54124578094349	0.567850408263335	0.37801650985599	0.116395804252861	1.52040566017204	0.810126614993483	0.354521236442082	0.767146523967077	1.13924581414535
ENSG00000108878	CACNG1	0.124781827261776	1.53806824681787	0.0342518589296605	0.201275472542512	0.144106085176809	0.835111167982943	0.667849249356615	0.0636445573064778	0.0927949239050863	0.121424852480947	0.419171929841478	0.0746476735459158	0.0403420992549911	0.0620376939117371	0.363931601663401	5.6659336229573	0.198138253561821	0.0835856874676708	0.0658106791086198	0.0843063979236455	0.978231391744113	1.2110592108438	0.113580150208987	0.0901876004675943	0.0778303543832022	0.195966188438915	0.18402758218285	0.144025415122871	0.0898264464080952	0.142709305058216
ENSG00000123700	KCNJ2	1.69600480460685	0.736389904095089	1.02436394394656	2.44400451043172	0.811051758781476	1.7636593838239	2.7213023784825	1.07036582028727	1.47864870943096	1.76768364397612	1.69777366953838	1.95094821683589	0.764396846262351	0.369870895825687	2.13918681629902	1.57566648409961	2.20403865596812	1.06528377671887	0.248206395068806	1.16986750745318	1.5779645939079	1.57564239370888	1.6369720084026	1.30911746506362	3.3846046943336	1.13848066431318	0.472045722789819	1.28606025619463	1.03512303762412	2.11339035418497
ENSG00000184009	ACTG1	5.6724253419715	5.6724253419715	5.6724253419715	5.6724253419715	5.6724253419715	5.6724253419715	5.6724253419715	5.6724253419715	5.6724253419715	5.6724253419715	5.6724253419715	5.67212347977972	5.6724253419715	5.6724253419715	5.6724253419715	5.6724253419715	5.6724253419715	5.6724253419715	5.6724253419715	5.6724253419715	5.6724253419715	5.6724253419715	5.6724253419715	5.6724253419715	5.6724253419715	5.6724253419715	5.6724253419715	5.6724253419715	5.6724253419715	5.6724253419715
ENSG00000131196	NFATC1	3.39818403874478	1.91790166937462	2.89422799433132	2.73560726442756	3.66976493550349	1.2876434641127	3.407818518396	2.94799942990323	2.79042997324263	2.59861970450356	3.23054998492982	2.35731747588539	1.73098596745641	0.860329506194588	3.66320014208336	3.69578249625352	4.33389909884313	2.9228897954869	1.13904778383557	1.89488837964772	2.74833773644621	2.52342830399697	3.00500671755004	3.30123901812981	3.98698518357387	2.04421924402821	3.43345899231879	3.1343405224316	3.27039197148578	2.71549759830073
ENSG00000196218	RYR1	0.988853634955508	0.73672883583274	0.657652764401937	0.413017652948802	0.76639080441752	2.8641159091511	1.10032495280265	0.955170151097545	0.853979608565728	1.25259455127454	0.795763904145097	0.347203208678437	0.37304001793619	0.165874057668474	0.988425392923253	5.6724253419715	2.54210160719057	0.720142232169887	0.189284124129888	1.07338589985474	1.05818484809315	2.02445749799952	1.43032379675463	0.913811910388179	0.715016998636712	0.512770164798194	3.25027536440707	0.883808614148811	0.58345742622047	1.30164303876334
ENSG00000160014	CALM3	5.67205849451357	5.6724253419715	5.6724253419715	5.65663849234799	5.6724253419715	5.67113896081094	5.6724253419715	5.6724253419715	5.6724253419715	5.6724253419715	5.6724253419715	5.57296512037634	5.67220817851217	5.60303690823311	5.6724253419715	5.6724253419715	5.6724253419715	5.6724253419715	5.59966045058229	5.6724253419715	5.6724253419715	5.65603896250332	5.6716448158539	5.6724253419715	5.6724253419715	5.6702084019912	5.6724253419715	5.67187362917876	5.6724253419715	5.6724253419715
ENSG00000105499	PLA2G4C	2.69071875979819	4.09621932970353	2.76966344028838	0.902876510984432	3.46280449640475	3.81588860312363	2.73402947992852	2.98359443377753	2.72456638136577	2.48079298846196	2.82545229062593	3.12458009937416	2.49200837700107	1.66890550418082	3.59709853571962	4.66496232281277	3.1183394675331	1.76328963197285	1.43150041595186	3.51153835690793	2.90446063022959	2.14513425940062	1.78373267095986	2.71328362342945	3.77908220750328	1.79818078724844	2.52517680168319	3.1554053037415	3.34827962862163	2.17765013339505
ENSG00000182324	KCNJ14	1.13186937745716	0.565194113401875	1.07386865226612	0.434891784514094	0.86533449831939	1.38548912703043	1.25760792647966	1.47546377641241	0.904195756170292	1.07671400004457	1.63565217669182	0.406050933876729	0.753961733574288	0.658736372081359	1.25620575653305	1.14812663292473	1.52314171727886	1.59355789499518	0.511951282922505	1.44114110766225	1.74831092110491	0.963809653392583	1.95262100026473	1.00298429506843	1.08051254118294	0.794430688138347	1.62101122455988	1.8055619176012	1.38661677037815	1.5738305116449
ENSG00000126583	PRKCG	0.152334125200278	0.0501682450693591	0.12278789718096	0.16025571279692	0.189421151658809	4.51060276687467	0.135858600321304	0.129280141239367	0.306248907400455	0.152396274315737	0.727148223744805	0.0582590650508506	0.096593677246954	0.037884965473108	0.215888902326836	0.0478670002362077	0.104707331025737	0.200978170568853	0.383479563919122	1.534401254488	0.176120354346831	0.332442850825914	0.124347955072191	0.86792065680305	0.169665345148796	0.701834866107869	3.64755742220444	0.168103335033863	0.235742764369792	0.130024938633817
ENSG00000105605	CACNG7	0.067453624103678	0.151615283252515	0.0874628527071868	0.0764796204857665	0.0867981781851259	5.45028212408573	0.0750135017421881	0.0982252106438421	0.535819462039014	0.22466717110162	0.0895424533016459	0.0628940164154499	0.0594658825489834	0.0377857341587761	0.0976761889632452	0.0588626026786441	0.186528383118329	0.160012123252638	0.0629988437725075	3.68505390253385	0.129971729959202	0.0498168721424661	0.804557733010847	0.321184504943454	0.0527446963015618	0.237514163099439	1.15684628307496	0.128677387973505	0.121006875391638	0.185490721489177
ENSG00000142408	CACNG8	0.194803694701753	0.0402109106771503	0.117483661935075	0.170930790796771	0.175099102013137	3.46479540001522	0.232840342871199	0.155067432243649	0.107132452523592	0.131768583958673	0.277765484874932	0.0878622915494502	0.0704286529791902	0.0371407523340563	0.152196488718851	0.387932997383868	0.199573606594089	0.106325061567523	0.0329201031166308	1.11103735154251	0.135014469022436	0.138220783284721	0.755835854241354	0.104925873925033	0.0768245382459412	0.141511749617144	1.45370771098687	0.135749242020099	0.24448252981927	0.128228447162964
ENSG00000130433	CACNG6	0.107504179094628	0.0215416945312218	0.0506432788701159	0.386882783351288	0.160334945167187	0.442394771557148	0.146648444037887	0.312957776157018	0.0817047682706777	0.083274023207423	1.62638724068355	0.0466137586938829	0.039073878490823	0.0304353375094994	1.36204415329226	5.41824453673801	0.163709528306926	0.06275137015739	0.032441729718181	1.90587747231113	0.218754505247077	0.660753960262712	0.130608524588725	0.100902942869383	0.119048681336727	0.210776254501636	2.658267893505	0.0865869636689669	0.171234558980903	0.0715260824580359
ENSG00000125503	PPP1R12C	5.6724253419715	5.63457496584665	5.6724253419715	5.47214771662716	5.6724253419715	5.56134331966365	5.6724253419715	5.6724253419715	5.67112634863038	5.66752018203146	5.6724253419715	5.61339033218382	5.54545934436043	5.25156012734847	5.6724253419715	4.5330981389963	5.6724253419715	5.6724253419715	5.17119390819165	5.6724253419715	5.6724253419715	5.6271532186886	5.66959621242654	5.67169108785186	5.6724253419715	5.6454720377823	5.6722605687148	5.67142372141035	5.6724253419715	5.66848186517307
ENSG00000101405	OXT	1.57700363598149	1.25630746915594	0.810176019547298	0.349234813777531	0.337975524077228	1.00907748981507	1.59535738083975	1.46271791410601	0.529675050388863	0.481065253084571	0.91102200824322	0.401397941574932	1.3994422128443	2.83213063893276	0.452809349647857	0.19631254402803	0.460385211351942	0.603577661883743	0.133347200151478	2.44542173658781	1.09438984928919	0.759183366198311	0.826616401049793	0.921257805776203	0.497956411233935	0.334600498443241	2.55058224041522	1.1423679349494	0.918423998805667	1.54082370327566
ENSG00000182621	PLCB1	1.92409540042232	1.93859396763686	2.81592097732213	0.322627322631816	1.35164031460623	2.65700753391365	1.89756435223525	1.89462913208664	2.50723817357808	2.22314236648094	1.88149504295865	1.02799578432424	1.22594603999335	0.66636593518441	1.65771157346532	1.15425989336747	2.475828649498	1.29131338953578	1.17802601341734	1.45745880569094	2.45125378750121	1.98666250987679	0.880073850301858	1.31260265036932	0.912627342280321	1.736519344021	0.904612986269054	1.50472108258524	2.11376669939816	1.88820805891985
ENSG00000101306	MYLK2	0.282906628378868	0.102848397793471	0.189051035605812	0.307964122784041	1.04441198764	1.03237401213836	0.216194829569254	0.110751650335114	0.514381277482635	0.428415744121559	0.371792511843067	0.437635982963249	0.12943528036675	0.0869062545313153	0.347399694921648	5.61410986725797	0.919207299928077	0.302148294326927	2.34952933424818	0.414255234230715	0.304857268742932	0.847297445767926	0.248554917935131	0.419016478873747	1.74006063073631	0.542706418980353	1.13240649065868	0.68486659509948	0.442922781691916	0.214028476333688
ENSG00000101096	NFATC2	2.77018091433855	1.20979916082194	2.37657193413134	2.19795791226428	2.3885414267195	1.0677171601109	3.07517172607186	2.54294481547256	2.76447065983074	2.23426317078456	2.70873689153671	1.40081967664031	1.15222146480728	1.45373867245556	2.67226366864418	1.57089020349683	3.01177310339246	2.26893222209532	1.44920842206128	1.96264322813426	2.48293849417967	2.6301129180131	2.05684314837255	3.42536158543125	3.84575477919055	2.68893001404666	1.81546187306096	3.02652296067404	2.68416545966555	2.3204994451421
ENSG00000087460	GNAS	5.6724253419715	5.6724253419715	5.6724253419715	5.6724253419715	5.6724253419715	5.66775546130988	5.6724253419715	5.6724253419715	5.6723211509351	5.67210494614012	5.6724253419715	5.6301435735725	5.66830018606892	5.54061947152385	5.6724253419715	5.6724253419715	5.6724253419715	5.6724253419715	5.67176195344993	5.6724253419715	5.6724253419715	5.6724253419715	5.67228200023818	5.6724253419715	5.6724253419715	5.6724253419715	5.6724253419715	5.6724253419715	5.6724253419715	5.6724253419715
ENSG00000159200	RCAN1	4.81405481109361	3.34846856098595	4.21844312718561	1.5949922757326	4.58707820286941	4.66729841324415	4.91857150496221	3.98300966725375	4.53712986287637	4.16783248543417	3.53246008086846	3.76090970304994	4.54764842406556	4.98737084595465	4.79543085351529	3.54163518866848	5.40173670299142	3.08470277852379	2.83801628853577	4.25211110536434	4.08125919898775	3.81982125199676	4.50422768106338	3.89980322730397	3.17924468029324	3.8862002045789	3.58623676296998	4.44282763491212	4.14072247356805	4.20456823931123
ENSG00000142185	TRPM2	1.90624729332565	1.84746797075862	1.55742546889793	3.58710952391713	1.5493508499409	3.46622527672355	1.62200085111199	1.49988192989501	1.5358415090215	1.10185668653832	1.76847753028694	0.504769227507613	0.957232123735879	0.722843663143812	2.42111417922809	0.33520151351198	2.28557772544182	0.985003612570781	0.625129047681646	2.17232930474825	1.62357734408021	1.42841349756514	1.05549979708555	2.60270765971605	3.87399538061705	1.21254690355723	1.79166204037573	1.36633706366777	1.39389139737876	1.26615394030511
ENSG00000166862	CACNG2	0.0415104774344348	0.137849805728327	0.0196359269550564	0.0189199901231932	0.0240629340462866	2.14178803781752	0.0287730931542728	0.0137870069944471	0.0443163080033816	0.0243101605618488	0.0230618627627574	0.0130329553258663	0.00726275231209681	0.00859785028456724	0.0251965441094639	0.0190114486343161	0.0231164785438406	0.0236771337519141	0.0174089433948675	1.38432528314914	0.0168718995110544	0.0148077380295622	0.0256043774304614	0.037827278561382	0.0180515501697064	0.040873480798655	0.311423396789414	0.03065782986367	0.0278398427626126	0.0481443905875366
ENSG00000168135	KCNJ4	0.207015220878685	0.332286778792927	0.0374900409284908	0.0868042648238509	0.107831313141087	3.5083104754831	0.095381598636047	0.157946874307822	0.1194925528199	0.0790082510183092	1.80476730179258	4.10714082058914	0.378264320528079	1.15324187565784	0.139888371737733	0.0529014036361706	1.43265854237688	0.113579387943877	0.0700822951185453	1.93929911277754	0.113809223107209	0.262408358770011	0.461178701852921	0.587038815765858	0.053874381282428	0.062965356914554	1.8088841398441	0.157694090420983	0.307265288937511	0.0870120567383355
ENSG00000126767	ELK1	4.26390077755302	5.02985076567851	4.53634033490781	3.46604097654623	4.43572621182302	4.77682329299845	4.15512566224332	4.71115075584399	4.04230876251009	4.24628282395606	5.06824511168827	3.37645812905243	3.40287071042625	3.92010792276288	4.70638429577399	4.25817365554501	4.59592406075019	5.59974420542016	2.94013549696665	4.32934664596486	4.62887196036285	4.06230417056082	4.68735825880346	4.13183393830468	4.74922190759298	3.85060029821593	5.26611302268425	4.28415424302681	4.83580125824444	4.26592878660114
ENSG00000102001	CACNA1F	0.497160309586384	0.09219730314129	0.316442210538936	0.522645973791905	0.277350692204097	0.671242740161306	1.03687435557943	0.448958750054473	0.563965509464784	0.326332877756728	0.789905814996833	0.138167718141087	0.365395641666278	0.0591665074370449	1.05924629592517	0.0758480301181594	1.07704517953874	0.156024985280587	0.27802857175846	0.350061150115539	0.361627862265009	0.592954873927061	0.365057052291257	1.64451659473766	1.14161951052177	0.492226622357796	0.474071377245723	0.748921367928224	0.346153456187058	0.448324354077648
